9.9	238	2843	0.000070	0.000826	0.084	0.0052	
9.7	71	2910	0.000027	0.000900	0.031	0.0032	
9.5	24	2620	0.000017	0.000991	0.017	0.0023	
9.3	5	2071	0.000007	0.001148	0.007	0.0016	
9.1	1	1594	0.000003	0.001397	0.002	0.0014	
8.9	0	999	0.000000	0.001435	0.000	0.0019	
8.7	0	686	0.000000	0.001653	0.000	0.0028	
8.5	0	448	0.000000	0.001803	0.000	0.0043	
8.3	0	296	0.000000	0.002142	0.000	0.0065	
8.1	0	215	0.000000	0.003076	0.000	0.0091	
7.8	0	210	0.000000	0.006973	0.000	0.0093	
7.3	0	105	0.000000	0.016505	0.000	0.0193