AGC102728	0	0	21.4	31	1	19	17.7	12.42	TRGB
UGC12894	0	0	22.5	39	29	44	14.0	9.05	TRGB
PGC000083	0	1	6.5	32	22	41	15.2	9.29	BTF
WLM	0	1	58.1	-15	27	40	9	0.98	TRGB
AndXVIII	0	2	14.5	45	5	20	12.8	1.31	TRGB
PAndAS-03	0	3	56.4	40	53	19	16.8	0.78	mem
PAndAS-04	0	4	42.9	47	21	42	13.8	0.78	mem
PAndAS-05	0	5	24.1	43	55	35	15.9	0.78	mem
ESO409-015	0	5	31.8	-28	5	53	12.7	8.71	TRGB
AGC748778	0	6	34.4	15	30	39	16.3	6.22	TRGB
AndXX	0	7	30.7	35	7	56	14.7	0.8	TRGB
UGC00064	0	7	44	40	52	32	13.0	8.16	TRGB
ESO349-031	0	8	13.3	-34	34	42	13	3.21	TRGB
dw0009-25	0	9	37.8	-25	2	57	17.5	7.3	mem
NGC0024	0	9	56.4	-24	57	48	9	7.31	TRGB
dw0010-25	0	10	38.2	-25	20	6	14.1	7.3	mem
NGC0045	0	14	3.9	-23	10	56	9.1	6.64	TRGB
PiscesA	0	14	46	10	48	47	15.7	5.65	TRGB
NGC0055	0	14	53.6	-39	11	48	6.2	2.11	TRGB
NGC0059	0	15	25.1	-21	26	38	10.1	4.9	TRGB
NGC55-dw1	0	15	29.8	-38	25	8	15.2	2.2	0TRGB
ESO410-005	0	15	31.4	-32	10	48	12.5	1.93	TRGB
LVJ0015-3825	0	15	38.3	-38	25	41	15.9	7.31	NAM
AndXIX	0	19	32.1	35	2	37	11.2	0.93	TRGB
IC0010	0	20	24.5	59	17	30	6.5	0.79	TRGB
JKB129	0	20	41.4	8	37	1	14.6	8.9	TF
AndXXVI	0	23	45.6	47	54	58	15.2	0.76	HB
Sc22	0	23	51.7	-24	42	18	13.6	4.29	TRGB
Cetus	0	26	11	-11	2	40	10.2	0.79	TRGB
ESO294-010	0	26	33.3	-41	51	20	14.1	2.03	TRGB
UGC00288	0	29	4	43	25	54	13.0	6.82	TRGB
AndXXV	0	30	8.9	46	51	7	11.9	0.81	HB
ESO473-024	0	31	22.5	-22	45	57	14.0	9.9	TF
NGC0147	0	33	11.6	48	30	28	7.2	0.76	TRGB
ScuSR	0	33	51.8	-27	50	24	15.4	4	mem
AndIII	0	35	33.8	36	29	52	11.4	0.75	TRGB
CasIII	0	35	59.4	51	33	35	8.9	0.78	TRGB
dw0036-2828	0	36	30.6	-28	28	12	16.5	3.7	mem
AndXXX	0	36	34.9	49	38	48	12.7	0.68	TRGB
AndXVII	0	37	7	44	19	20	13.2	0.74	HB
AndXXVII	0	37	27.1	45	23	13	13.2	0.83	HB
KK7	0	37	42.4	-43	30	16	14.2	10.86	TF
NGC0185	0	38	58	48	20	10	6.6	0.66	TRGB
NGC0205	0	40	22.5	41	41	11	5.6	0.8	TRGB
AndIV	0	42	32.3	40	34	19	14.5	7.18	TRGB
MESSIER032	0	42	42.1	40	51	59	5.1	0.79	TRGB
MESSIER031	0	42	44.5	41	16	9	1	0.77	Cep
DDO226	0	43	3.8	-22	15	1	12.5	4.92	TRGB
AndI	0	45	40	38	2	14	9.7	0.73	TRGB
AndXI	0	46	20	33	48	5	14.6	0.73	RR
DoIV	0	47	3	-21	40	52	16.4	3.7	mem
DoII	0	47	7.2	-23	57	21	17.1	3.47	TRGB
NGC0247	0	47	8.3	-20	45	36	7.4	3.72	TRGB
AndXII	0	47	27	34	22	29	14.4	0.83	TRGB
NGC0253	0	47	34.3	-25	17	32	3.8	3.7	TRGB
Scl-MM-Dw1	0	47	34.9	-26	23	20	15.1	3.94	TRGB
KDG002	0	49	21.1	-18	4	28	13.9	3.56	TRGB
DDO006	0	49	49.3	-21	0	58	13.3	3.44	TRGB
Scl-MM-Dw2	0	50	17.1	-24	44	59	14.4	3.53	TRGB
ESO540-032	0	50	24.6	-19	54	25	14.0	3.63	TRGB
Scl-MM-Dw5	0	50	25.9	-26	43	28	17.1	3.89	TRGB
Bol520	0	50	42.4	32	54	59	13.3	0.63	TRGB
AndXIV	0	51	35	29	41	49	12.5	0.73	TRGB
AndXIII	0	51	51	33	0	16	14.4	0.84	RR
SMC	0	52	38	-72	48	1	0.2	0.06	Cep
AndIX	0	52	52.8	43	12	0	12.2	0.79	TRGB
Scl-MM-Dw4	0	53	49.1	-25	28	28	17.4	4.11	TRGB
NGC0300	0	54	53.5	-37	40	57	6.4	2.09	TRGB
LVJ0055-2310	0	55	1	-23	10	9	15.7	3.62	TRGB
PAndAS-48	0	59	28.2	31	29	10	16.2	0.82	HB
AndXVI	0	59	29.8	32	22	36	12.7	0.52	TRGB
Sculptor	1	0	9.4	-33	42	33	5.9	0.09	TRGB
PAndAS-50	1	1	50.6	48	18	19	14.6	0.78	mem
LGS3	1	3	55	21	53	6	12.5	0.65	TRGB
IC1613	1	4	47.8	2	8	0	7.4	0.76	TRGB
AndX	1	6	33.7	44	48	16	13.4	0.63	HB
UGC00685	1	7	22.3	16	41	2	11.6	4.81	TRGB
KKH5	1	7	32.5	51	26	25	13.6	5.3	TRGB
PAndAS-C02	1	7	53.9	48	22	42	15.6	0.78	mem
AM0106-382	1	8	22	-38	12	33	13.9	8.2	TF
DoIII	1	9	24.6	-27	20	50	15.3	3.7	mem
NGC0404	1	9	26.9	35	43	3	7.5	2.98	TRGB
AndV	1	10	17.1	47	37	41	11.7	0.81	TRGB
DoI	1	11	40.4	34	36	3	14.7	3.31	TRGB
AndXV	1	14	18.7	38	7	3	12.6	0.76	TRGB
AndII	1	16	29.8	33	25	9	9.1	0.65	TRGB
AndXXIV	1	18	30	46	21	58	12.9	0.6	HB
PiscesB	1	19	11.7	11	7	18	15.3	8.91	TRGB
PAndAS-55	1	19	20.4	46	3	12	15.6	0.78	mem
TriangulumIII	1	21	41.3	26	23	32	16.5	0.95	HB
PAndAS-56	1	23	3.5	41	55	11	13.3	0.78	mem
AndXXII	1	27	40	28	5	25	14.6	0.79	TRGB
PAndAS-57	1	27	47.5	40	40	47	15.2	0.78	mem
UGC01056	1	28	47.2	16	41	17	12	10.2	mem
PAndAS-58	1	29	2.1	40	47	8	14.9	0.78	mem
AndXXIII	1	29	21.8	38	43	8	11.2	0.73	TRGB
UGC01085	1	31	18.9	7	47	16	14.5	10.5	TF
UGC01104	1	32	42.3	18	18	57	11.8	7.55	BS
AGC112454	1	32	59.7	14	22	24	13.8	10.2	mem
MESSIER033	1	33	50.8	30	39	37	4.1	0.93	TRGB
dw0133+1543	1	33	56.2	15	43	52	16.1	9.18	SBF
dw0134+1544	1	34	13	15	44	46	13.7	10.5	SBF
AGC114027	1	34	41.8	14	38	40	14.8	9.9	BTF
KKH6	1	34	51.6	52	5	30	13.7	5.18	NAM
NGC0625	1	35	5	-41	26	11	8.9	4.02	TRGB
dw0136+1628	1	36	20.2	16	28	12	13.8	9.45	SBF
NGC628dwB	1	36	23.2	15	57	53	20.1	10.2	mem
NGC0628	1	36	41.3	15	47	12	6.8	10.19	TRGB
NGC628dwA	1	37	17.8	15	37	58	15.7	10.12	SBF
dw0137+1607	1	37	39.8	16	7	55	16.3	9.05	SBF
AGC112503	1	38	0.3	14	58	58	14.8	8.61	SBF
UGC01171	1	39	44.8	15	53	58	13.4	10.13	SBF
dw0139+1433	1	39	50.6	14	33	22	15.7	10.82	SBF
DDO013	1	40	9.6	15	54	17	11.8	9.04	BS
AGC112521	1	41	7.9	27	19	26	15.2	6.08	TRGB
KK13	1	42	16.8	26	22	4	13.9	7.83	TRGB
KDG010	1	43	41.4	15	41	23	13.5	8.64	SBF
Dw0143+1338	1	43	55.2	13	38	42	14.3	12.3	mem
KK14	1	44	42.7	27	17	16	14.8	7.05	TRGB
ESO245-005	1	45	3.6	-43	35	53	10.3	4.57	TRGB
JKB142	1	45	48.2	16	22	41	15.9	10.5	BTF
KK15	1	46	41.6	26	48	5	15.5	8.67	TRGB
N672dwB	1	47	11.1	27	41	0	18.4	7.2	mem
N672dwA	1	47	19.1	27	15	16	17.1	7.2	mem
IC1727	1	47	30.1	27	19	52	9.0	7.45	TRGB
NGC0672	1	47	53.2	27	26	1	8.5	7.18	TRGB
UGC01281	1	49	32.3	32	35	33	10.5	5.27	TRGB
Dw0149+3237	1	49	50.9	32	37	42	17.3	5.3	mem
Phoenix	1	51	6.3	-44	26	41	11.3	0.44	TRGB
KK16	1	55	20.6	27	57	15	13.7	5.62	TRGB
Dw0158+3018	1	58	54.7	30	18	50	15.9	5.4	mem
KK17	2	0	9.9	28	49	57	14.2	5.01	TRGB
NGC0784	2	1	16.8	28	50	37	10.3	5.37	TRGB
UGC01561	2	4	5	24	12	28	11.8	9.2	TF
CetusIII	2	5	19.4	-4	16	12	16.1	0.25	HB
Cas1	2	6	7.9	69	0	36	9.3	4.51	TRGB
UGC01703	2	12	55.8	32	48	51	12.5	4.31	TRGB
TriangulumII	2	13	17.4	36	10	42	12.1	0.03	CMD
NGC0855	2	14	3.7	27	52	38	9.8	9.73	SBF
Dw0214+2836	2	14	9.6	28	36	47	16.4	9.7	mem
Dw0218+2813	2	18	4.1	28	13	1	16.9	9.7	mem
Segue2	2	19	16	20	10	31	11.4	0.03	TRGB
[TT2009]25	2	21	12.4	42	21	51	15.3	10.28	TRGB
UGC01807	2	21	13.4	42	45	46	11.3	9.95	mem
NGC0891	2	22	32.8	42	20	48	5.9	9.95	TRGB
Eridanus3	2	22	45.5	-52	17	1	14.2	0.09	HB
[TT2009]30	2	22	54.7	42	42	45	14.9	10.28	SBF
KKH11	2	24	35	56	0	42	11.7	5.48	NAM
[KK2000]03	2	24	42.7	-73	30	46	10.8	2	TRGB
DDO019	2	25	0.2	36	2	16	13.1	9.55	mem
d0226+3325	2	26	52.8	33	25	37	14.9	9.55	mem
NGC0925	2	27	16	33	34	41	7.9	9.55	TRGB
Halogas	2	27	20	33	57	30	15.3	9.55	mem
KKH12	2	27	27	57	29	16	11.8	5.57	NAM
Hydrus1dw	2	29	33.4	-78	41	28	9.3	0.03	HB
DDO022	2	32	54	38	40	50	13.1	9.95	mem
DDO025	2	33	18.2	33	29	28	11.0	9.55	mem
DDO024	2	33	43	40	31	41	10.9	9.95	mem
MB1	2	35	35.6	59	22	47	10.5	7.35	NAM
Maffei1	2	36	35.5	59	39	18	5.6	5.6	NAM
ESO115-021	2	37	45	-61	20	28	10	5.08	TRGB
Fornax	2	39	54.7	-34	31	33	5.1	0.14	TRGB
Maffei2	2	41	54.5	59	36	11	4.5	5.73	TRGB
UGC02172	2	42	10.8	43	21	19	12.4	9.3	TF
AGC122226	2	46	38.9	27	43	35	13.3	7.71	TRGB
AGC124635	2	48	38.5	19	19	42	16.8	9.3	BTF
AGC123352	2	48	39.2	23	16	26	16.0	9.73	TRGB
[KKS2000]05	2	49	26.1	-13	12	42	14.9	10	txt
Dw2	2	54	8.5	59	0	19	10.2	6	NAM
Horologium1	2	55	31.7	-54	7	8	12.7	0.08	HB
PGC2807172	2	55	37.8	19	38	4	11.2	10.3	BTF
MB3	2	55	43.6	58	51	42	10.9	5.47	NAM
ESO154-023	2	56	50.4	-54	34	23	9.8	5.86	TRGB
Dw1	2	56	56.1	58	54	42	6.1	6.25	NAM
AGC124056	2	57	36.4	23	47	21	16.1	7.8	mem
ESO199-007	2	58	4.1	-49	22	57	14.0	6.03	TRGB
GALFADw3	2	58	56.5	13	37	45	15.1	7.62	TRGB
NGC1156	2	59	42.4	25	14	15	9.5	6.87	TRGB
N1156dw1	3	0	18.2	25	14	56	16.2	7.8	mem
N1156dw2	3	0	28	25	18	17	16.6	7.8	mem
LVJ0300+2546	3	0	39.3	25	46	56	14.5	7.8	mem
PerseusI	3	1	23.6	40	59	18	10.8	0.79	TRGB
dw0301+2446	3	1	32.2	24	46	59	16.1	7.8	mem
KKH18	3	3	5.9	33	41	40	13.6	4.79	TRGB
N1291-DW9	3	9	25.1	-41	4	57	15.4	8.74	SBF
ESO300-014	3	9	37.8	-41	1	50	10	9.8	TF
ESO300-016	3	10	10.5	-40	0	11	13.6	9.33	TRGB
N1291-DW11	3	12	44.2	-42	47	54	15.9	9.08	mem
N1291-DW2	3	15	9.7	-40	40	5	14.4	7.81	SBF
Horologium2	3	16	32.1	-50	1	5	13.3	0.08	HB
N1291-DW8	3	17	1.4	-41	42	1	13.2	9.03	SBF
NGC1291	3	17	18.6	-41	6	29	5.7	9.08	TRGB
N1291-DW3	3	17	29.4	-40	58	22	13.3	7.08	SBF
N1291-DW5	3	17	38.1	-41	41	45	13.4	10.39	SBF
NGC1313	3	18	15.4	-66	29	51	7.6	4.31	TRGB
N1291-DW6	3	18	43	-41	1	27	14.9	8.1	SBF
N1291-DW12	3	18	47	-42	11	58	16.6	7.32	SBF
N1291-DW1	3	19	25.9	-40	3	47	14.6	9.08	mem
N1291-DW15	3	19	37.7	-40	25	17	17.3	9.08	mem
N1291-DW4	3	19	43.1	-41	26	54	13.7	8.33	SBF
NGC1311	3	20	7.4	-52	11	6	10.9	5.55	TRGB
UGC02684	3	20	23.7	17	17	42	13.5	7.08	TRGB
N1291-DW13	3	20	33.8	-40	48	18	15.5	7.04	SBF
KK27	3	21	3	-66	19	11	13.8	4.23	TRGB
[KK2000]08	3	21	24.6	-41	59	54	14.2	8.8	SBF
ESO301-010	3	23	16	-40	40	50	12.2	7.68	SBF
UGC02716	3	24	7.2	17	45	15	11.5	6.66	TRGB
N1291-DW14	3	25	2.8	-40	21	32	16.6	9.08	mem
N1291-DW10	3	25	38.4	-41	13	51	14.2	8.7	SBF
UGC02773	3	32	7.1	47	47	37	9.8	7.52	NAM
IC1959	3	33	11.8	-50	24	38	11	6.19	TRGB
Reticulum2	3	35	42.1	-54	2	57	11.2	0.03	HB
PGC013294	3	35	56.8	-45	11	29	13.7	7.28	TRGB
NGC1400	3	39	30.8	-18	41	17	7.8	24.89	SBF
Eridanus2	3	44	21.1	-43	31	59	12.9	0.36	HB
KKH22	3	44	56.6	72	3	52	13.2	3.12	TRGB
KK35	3	45	12.6	67	51	50	11.1	4.1	TRGB
IC0342	3	46	48.9	68	5	45	4.6	3.28	Cep
UGC02905	3	57	0.6	16	31	28	12.2	5.83	BS
UGCA086	3	59	49.5	67	7	31	8.2	2.98	TRGB
IC2038	4	8	54.1	-55	59	32	12	19.2	TF
NGC1533	4	9	51.8	-56	7	6	7.6	19.41	SBF
ESO483-013	4	12	41.1	-23	9	32	10.8	7.4	TF
CamA	4	25	15.6	72	48	21	11.6	3.56	TRGB
NGC1592	4	29	40.8	-27	24	31	12.7	9.1	TF
NGC1569	4	30	49.1	64	50	53	7.5	3.19	TRGB
UGCA092	4	32	0.3	63	36	50	11	3.22	TRGB
NGC1560	4	32	49.9	71	52	52	9.3	2.99	TRGB
NGC1637	4	41	28.2	-2	51	29	8	9.29	SN
Pictoris1	4	43	47.4	-50	16	59	13.6	0.11	HB
CamB	4	53	6.9	67	5	57	13.4	3.5	TRGB
NGC1705	4	54	13.7	-53	21	41	10.5	5.73	TRGB
HIPASSJ0457-42	4	56	58.7	-42	48	14	12.1	6.95	TRGB
NGC1744	4	59	58.2	-26	1	36	9.8	10	TF
ESO486-021	5	3	19.7	-25	25	23	11.4	10	mem
NGC1800	5	6	25.7	-31	57	15	10.2	8	TF
UGCA105	5	14	15.1	62	34	51	8.2	3.39	TRGB
HIPASSJ0517-32	5	17	21.6	-32	45	35	13.3	9.32	TRGB
KKH30	5	17	42	81	37	27	14.9	4.5	txt
LMC	5	23	34.6	-69	45	22	-1.7	0.05	Cep
UGC03303	5	24	59.5	4	30	18	10.7	7.14	BS
ESO553-046	5	27	5.7	-20	40	41	12	6.7	TRGB
ColumbiaI	5	31	25.7	-27	57	27	13.6	0.18	HB
KK49	5	41	41.5	6	40	54	10.4	10.05	NAM
Orion	5	45	2	5	4	6	10.9	6.79	TRGB
GALFADw4	5	45	44.8	10	46	16	13.4	7.22	TF
A0554+07	5	57	36.7	7	29	31	13.7	9.77	TF
KKH34	5	59	41.2	73	25	39	14.2	7.28	TRGB
ESO364-029	6	5	45.4	-33	4	54	10.3	9.04	TRGB
HIPASSJ0607-34	6	7	19.7	-34	12	16	11.5	9.64	TRGB
NGC2188	6	10	9.5	-34	6	22	9.5	8.39	TRGB
ESO121-020	6	15	54.5	-57	43	35	12.8	6.08	TRGB
LVJ0616-5745	6	16	9.2	-57	45	55	14.5	6	mem
UGCA127sat	6	20	54.8	-8	39	1	11.3	8.5	mem
UGCA127	6	20	55.7	-8	29	44	8.3	8.5	TF
WHIB0619-07	6	22	13.8	-7	50	16	9.5	8.4	TF
N2146sat	6	24	13.2	77	57	53	13.0	4.5	txt
ESO489-056	6	26	17	-26	15	56	13.1	6.31	TRGB
HIPASSJ0630+08	6	30	9.2	8	21	16		5.13	BTF
UGC03475	6	30	28.8	39	30	14	12.5	20	TF
UGC03476	6	30	29.2	33	18	7	12.7	12.42	BTF
ESO490-017	6	37	56.6	-25	59	59	12	6.34	TRGB
CGMW1-260	6	38	0.1	-15	1	22	10	10.8	TF
UGC03501	6	38	38.4	49	15	30	13.9	15.5	TF
KK55	6	39	32.9	-40	43	13	13.4	9.38	TRGB
Carina	6	41	36.7	-50	57	58	7.0	0.1	TRGB
IC2171	6	44	27.3	-17	55	57	10.8	9.9	TF
PictorII	6	44	43.2	-59	54	0	11.3	0.05	HB
NGC2283	6	45	52.7	-18	12	37	8.8	10	TF
KKSG9	6	46	56.9	-17	56	29	11.7	10	mem
KKH37	6	47	45.8	80	7	26	13.7	3.44	TRGB
KKH38	6	47	54.9	47	30	50	14.7	10.2	BTF
UGC03600	6	55	40	39	5	42	13.2	10.19	TRGB
HIZSS003B	7	0	24.7	-4	13	18	12.4	6.64	mem
HIZSS003	7	0	29.3	-4	12	30	11.4	6.64	TRGB
FG202	7	5	17.1	-58	31	14	12.1	5.3	TRGB
HIPASSJ0705-20	7	5	45	-20	59	30		11.97	NAM
ESO558-011	7	6	56.8	-22	2	26	10.2	7.16	TRGB
NGC2337dwTBG1	7	8	29.7	44	37	26	15.8	11.9	mem
UGC03698	7	9	18.8	44	22	48	12.7	11.27	TRGB
NGC2337	7	10	13.6	44	27	25	10.3	11.86	TRGB
UGC03755	7	13	51.8	10	31	19	11.7	7.69	TRGB
UGC03817	7	22	44.5	45	6	30	11.9	8.55	BS
HIZSS008	7	25	22	-24	28	31	8.5	11.86	NAM
DDO043	7	28	17.2	40	46	13	13.1	10.47	TRGB
NGC2366	7	28	54.6	69	12	19	9.1	3.28	TRGB
HIZSS012	7	30	8.3	-22	1	1	9	11.8	NAM
ESO059-001	7	31	19.3	-68	11	10	11.3	4.63	TRGB
DDO044	7	34	11.3	66	53	10	11.4	3.21	TRGB
AGC174585	7	36	10.3	9	59	11	15.4	7.73	TRGB
HIZSS014	7	36	22.6	-19	29	40	10.8	12.13	NAM
CarinaII	7	36	25.6	-56	0	3	9.5	0.04	HB
NGC2403	7	36	51.4	65	35	58	6.2	3.19	TRGB
LVJ0737+4724	7	37	28.5	47	24	33	15.3	15.7	TF
CarinaIII	7	38	31.2	-56	6	1	10.9	0.03	HB
DDO046	7	41	25.8	40	6	45	12.2	10.38	TRGB
PGC21597	7	41	52	75	0	8	14.2	10.91	NAM
DDO047	7	41	55	16	48	2	11	8.17	TRGB
KK65	7	42	31.2	16	33	40	12.5	7.98	TRGB
MADCASHJ0742+65dw	7	42	38.9	65	25	2	16.3	3.39	TRGB
HIZSS021	7	46	16.5	-28	28	11	11.1	5.78	TRGB
KKH40	7	46	56.4	51	17	46	14.0	9.25	TRGB
CGCG262-028	7	47	32.1	51	11	29	12.8	9.8	TF
AGC174605	7	50	21.7	7	47	40	15.6	9.59	TRGB
UGC04115	7	57	1.8	14	23	27	12.1	7.87	TRGB
HIZOAJ0800-36	8	0	22.7	-36	39	34	14.5	6.8	BTF
HIPASSJ0801-21	8	1	25.4	-21	59	51	14.0	10.42	NAM
NGC2500	8	1	53.2	50	44	14	9.3	12.4	mem
HIZSS033	8	7	3.6	-37	44	22	12.9	7.4	BTF
LVJ0812+4836	8	12	39.5	48	36	45	14.5	12.42	mem
NGC2537	8	13	14.7	45	59	26	9.1	12.2	mem
IC2233	8	13	58.9	45	44	32	10.8	12.2	TF
NGC2541	8	14	40.1	49	3	42	10.1	12.4	TF
HolmII	8	19	4	70	42	51	8	3.47	TRGB
NGC2552	8	19	20.5	50	0	35	10	12.4	mem
ESO006-001	8	19	23.3	-85	8	44	13	2.7	TRGB
ESO495-008	8	21	0.7	-23	46	53	13.2	17.3	TF
AGC188955	8	21	37	4	19	1	15.1	14.5	TF
KDG052	8	23	56	71	1	46	13.6	3.42	TRGB
KUG0821+321	8	25	5	32	1	5	14.4	13.49	NAM
CGMW2-3473	8	25	12.9	-28	8	25	11.9	7.4	TF
Dw0827+6452	8	27	16.3	64	52	26	16.3	3.7	mem
DDO052	8	28	28.5	41	51	24	12.4	9.86	TRGB
LVJ0831+4104	8	31	41.2	41	4	54	15.2	7.9	TF
DDO053	8	34	6.5	66	10	45	12.8	3.68	TRGB
ESO495-021	8	36	15.2	-26	24	34	9	8.24	TRGB
UGC04483	8	37	3	69	46	31	13.3	3.58	TRGB
AGC181604	8	39	48.7	31	40	52	14.9	12.88	NAM
LVJ0843+4025	8	43	38	40	25	47	15.4	7.8	TF
dw0846+3300	8	46	14.2	32	59	49	14.6	9.82	mem
dw0846+3348	8	46	31.2	33	48	40	14.6	9.82	mem
dw0848+3226	8	48	39.8	32	26	38	16.3	7.3	SBF
ESO496-010	8	49	6	-26	19	12	11.9	8.59	TRGB
AGC182595	8	51	12.1	27	52	48	14.7	8.47	TRGB
UMaII	8	51	30	63	7	48	10.4	0.03	TRGB
NGC2683	8	52	40.9	33	25	2	6.3	9.82	TRGB
KK69	8	52	50.7	33	47	52	14.2	9.16	TRGB
NGC2683dw1	8	53	26.8	33	18	19	16.3	10.46	SBF
N2683dw2	8	54	20.5	33	14	58	15.4	9.82	mem
dw0855+3336	8	55	10.6	33	36	54	14.9	8.72	SBF
KK70	8	55	22	33	33	33	12.9	9.29	TRGB
dw0856+3155	8	56	25.9	31	55	1	15.2	9.11	SBF
KSP-DW1	8	56	52.2	-24	58	5	13.8	9.82	mem
KSP-DW3	8	58	25.5	-24	44	55	12.8	9.82	mem
KSP-DW4	8	58	29.5	-25	6	18	14.0	9.82	mem
UGC04704	8	59	0.3	39	12	36	11.9	15.2	TF
LVJ0859+3923	8	59	46.9	39	23	6	14.8	9.4	TF
PGC025409	9	2	50.6	71	18	22	13.7	7.5	mem
LSBCD564-08	9	2	54	20	4	31	15.4	8.83	TRGB
ESO497-004	9	3	3.1	-23	48	30	11.5	11.17	TF
KSP-DW6	9	4	2.4	-22	56	52	15.9	9.82	mem
HIPASSJ0905-36	9	6	0	-36	3	36	13.4	12.4	BTF
UGC04787	9	7	34.9	33	16	36	11.7	20.3	TF
KKH46	9	8	36.6	5	17	32	14.5	16	TRGB
KSP-DW11	9	8	53.3	-23	8	33	15.4	9.82	mem
LSBCD634-03	9	8	53.5	14	34	55	15.0	9.59	TRGB
KSP-DW12	9	9	6.4	-23	53	58	17.9	9.82	mem
KK71	9	9	10.9	-23	22	4	14.6	9.8	mem
DDO056	9	9	46.6	-23	0	33	12.3	10.91	TF
KSP-DW13	9	10	0	-24	10	19	13.7	9.82	mem
Dw0910+7326	9	10	15.6	73	26	24	11.8	3.21	SBF
KSP-DW14	9	10	25	-24	1	30	13.7	9.82	mem
Dw0910+6942	9	10	42.1	69	42	11	14.8	7.5	mem
KSP-DW15	9	11	10.7	-24	24	41	13.7	9.82	mem
KSP-DW16	9	11	26.9	-23	8	44	16.6	9.82	mem
KSP-DW17	9	11	36.2	-23	30	0	12.3	9.82	mem
KSP-DW18	9	11	42.2	-24	13	29	16.8	9.82	mem
KK72	9	11	42.3	-23	58	56	13.7	9.8	mem
NGC2784dw01	9	12	18.5	-24	12	40	12.3	9.8	mem
NGC2784	9	12	19.4	-24	10	18	6.3	9.82	SBF
KK73	9	12	29.3	-24	14	28	10.6	9.8	mem
UGCA153	9	13	12.1	-19	24	31	12.4	21.9	TF
LVJ0913+1937	9	13	39	19	37	8	14.9	8.63	TRGB
KK74	9	14	32.4	-23	33	26	12.0	9.82	mem
KSP-DW20	9	14	40.5	-24	15	10	14.7	9.82	mem
KSP-DW21	9	15	8.4	-25	2	58	17.2	9.82	mem
AGC198507A	9	15	24	25	24	54	18.3	10.94	mem
AGC198507	9	15	25.8	25	25	10	16.1	10.96	TRGB
KSP-DW23	9	16	1.6	-23	36	23	17.5	9.82	mem
UGC04879	9	16	2.2	52	50	24	11.5	1.37	TRGB
KSP-DW24	9	16	8.5	-23	43	17	16.8	9.82	mem
Dw0916+6944	9	16	43.7	69	44	1	16.7	7.5	mem
HIPASSJ0916-23b	9	16	58	-23	16	47	12.2	10.3	mem
KSP-DW28	9	17	43.4	-23	29	37	13.4	9.82	mem
NGC2835	9	17	52.9	-22	21	19	7.9	12.22	TRGB
Dw0918+6935	9	18	34.9	69	35	43	15.6	7.5	mem
Dw0919+6932	9	19	7.8	69	32	54	17.4	7.5	mem
UGC04918	9	19	17.7	69	48	4	13.3	7.5	mem
NGC2787	9	19	18.6	69	12	12	7.3	7.48	SBF
LSBCD565-06	9	19	29.4	21	36	12	14.8	9.29	TRGB
Dw0919+6955	9	19	33.9	69	55	20	15.1	7.5	mem
UGC04932	9	19	34.1	51	6	33	13.2	20.6	TF
Dw0920+6924	9	20	2.6	69	24	45	15.9	7.5	mem
KSP-DW30	9	20	13.2	-23	56	2	16.6	9.82	mem
Dw0920+7017	9	20	22.4	70	17	29	14.6	7.5	mem
KJ78	9	20	36.4	49	40	31	16.1	10.86	NAM
DDO062	9	21	27.5	-22	30	2	11.7	10.86	BTF
AGC198508	9	22	57	24	56	48	15.3	9.82	TRGB
ESO565-003	9	23	9.9	-20	10	3	12.9	10.67	NAM
MCG+09-16-010	9	23	17	51	58	23	13.5	11.17	NAM
LeoK	9	24	6.1	16	30	38	15.0	0.43	HB
UGC04998	9	25	12.1	68	22	59	11.1	8.24	TRGB
LVJ0926+3343	9	26	9.4	33	43	4	15.1	10.3	BTF
NGC2915	9	26	11.5	-76	37	35	9.7	4.29	TRGB
[CKT2009]d0926+70	9	26	27.9	70	30	24	15.7	3.4	TRGB
Dw0927+6818	9	27	27.8	68	18	55	17.0	7.5	mem
UGC05047	9	28	49.6	51	33	38	13.1	9.23	TF
dw0929+2213	9	29	54.7	22	13	5	18.5	9.83	SBF
KDG056	9	30	12.9	19	59	30	14.5	9.04	SBF
NGC2903-HI-1	9	30	39.9	21	43	25	16.8	8.58	SBF
NGC2903	9	32	9.6	21	30	2	6	9.15	TRGB
dw0932+1952	9	32	23.8	19	52	30	15.5	7.99	SBF
ESO373-007	9	32	45.4	-33	14	44	12.8	9.77	TRGB
UGC05086	9	32	48.9	21	27	54	12.1	8.49	TRGB
LSBCD565-09	9	33	14.1	20	30	53	13.6	9.38	SBF
ESO373-008	9	33	21.5	-33	2	0	8.9	9.68	TF
[CKT2009]d0934+70	9	34	3.7	70	12	57	12.8	3.02	TRGB
CGCG035-007	9	34	44.9	6	25	32	12.7	13	TF
LeoT	9	34	53.4	17	3	5	14.0	0.42	TRGB
LVJ0935-1348	9	35	21.6	-13	48	52	14.1	9.06	TF
Antlia2	9	35	32.8	-36	46	2	8.6	0.13	RR
dw0936+2135	9	36	21.4	21	35	56	14.1	8.9	mem
[CKT2009]d0939+71	9	39	15.9	71	18	42	17.1	3.65	TRGB
LVJ0939-2507	9	39	35	-25	7	35	12.9	8.32	NAM
KISSB023	9	40	12.7	29	35	29	13.9	19.8	TF
KUG0937+480	9	40	19.6	47	46	38	14.6	11.8	NAM
KDG058	9	40	27	0	2	33	14.6	22.93	h
HolmI	9	40	32.3	71	11	11	11.2	4.02	TRGB
UGC05186	9	42	59.8	33	15	52	13.9	9.4	TF
AGC198691	9	43	32.4	33	26	58	17.4	12.02	TRGB
LVJ0944-2254	9	44	20.1	-22	54	58	14.6	10.47	TRGB
[CKT2009]d0944+69	9	44	22.5	69	12	40	16.5	3.84	TRGB
[CKT2009]d0944+71	9	44	34.4	71	28	57	12.5	3.47	TRGB
IC0559	9	44	43.9	9	36	55	12.5	9.4	TF
F8D1	9	44	47.1	67	26	19	12.3	3.75	TRGB
UGC05209	9	45	4.2	32	14	18	13.6	10.19	TRGB
FM1	9	45	10	68	45	54	12.0	3.78	TRGB
RKK1610	9	45	24.8	-48	8	29	12.6	9.35	BTF
NGC2976	9	47	15.6	67	54	49	7.5	3.66	TRGB
AGC191803	9	48	5.9	7	7	45	14.0	14.9	TF
AntliaB	9	48	56.1	-25	59	24	13.6	1.29	TRGB
KK77	9	50	10	67	30	24	11.0	3.8	TRGB
KK78	9	50	19.6	31	27	24	15.2	10.91	mem
DDO064	9	50	22.4	31	29	15	12.5	10.91	TF
UGC05288	9	51	17.2	7	49	38	11.5	11.53	TRGB
NGC3037	9	51	24	-27	0	40	11.1	10.28	NAM
BK3N	9	53	48.5	68	58	9	16.1	4.17	TRGB
M81-dwJ0954+6821	9	54	7	68	21	51	17.2	3.7	mem
LVJ0954+3620	9	54	50.6	36	20	2	15.5	10.42	NAM
KKSG15	9	55	10.5	-6	16	12	12.6	9.7	mem
[CKT2009]d0955+70	9	55	13.6	70	24	29	14.8	3.45	TRGB
MESSIER081	9	55	33.5	69	4	0	3.8	3.7	TRGB
JKB83	9	55	49.6	69	19	57	17.1	3.7	mem
MESSIER082	9	55	53.9	69	40	57	4.7	3.61	TRGB
LVJ0956-0929	9	56	37.6	-9	29	11	13.3	9.38	TRGB
DDO068C	9	56	41.1	29	0	51	15.0	12.7	mem
DDO068	9	56	45.7	28	49	30	12.8	12.74	TRGB
Dw0956-0523	9	56	55.6	-5	23	32	15.1	10.2	mem
KDG061	9	57	2.7	68	35	30	10.9	3.66	TRGB
KDG61em	9	57	7.5	68	35	54	16.2	3.7	mem
PGC154449	9	57	8.9	-9	15	48	13.5	10.13	TRGB
ClumpI	9	57	21.2	68	42	55	17.2	3.6	mem
A0952+69	9	57	29	69	16	20	14.1	3.93	TRGB
HolmIX	9	57	32.4	69	2	35	11.9	3.85	TRGB
PGC28789	9	58	0.9	47	19	28	13.3	11.81	NAM
Dw0958-0834	9	58	5.5	-8	34	36	15.3	10.2	mem
AGC718245	9	58	16.2	21	5	20	14.4	10.42	NAM
Dw0958-0610	9	58	35.3	-6	9	58	15.3	10.2	mem
[CKT2009]d0958+66	9	58	48.5	66	50	59	13.4	3.82	TRGB
AGC198712	9	59	10.3	36	2	23	16.0	10.81	NAM
LeoA	9	59	26.4	30	44	47	10.5	0.74	TRGB
[CKT2009]d0959+68	9	59	33.1	68	39	25	15.4	4.27	TRGB
KKSG16	9	59	47.5	-9	20	36	13.6	9.7	mem
SexB	10	0	0.1	5	19	56	9.5	1.43	TRGB
dw1000-0741	10	0	1	-7	41	17	15.3	8.92	SBF
dw1000-0821	10	0	10.6	-8	21	25	13.7	9.29	SBF
KKH57	10	0	16	63	11	6	13.7	3.68	TRGB
LVJ1000+5022	10	0	25.5	50	22	45	14.7	11.8	NAM
LVJ1000+3032	10	0	36.5	30	32	10	15.6	10.57	TRGB
ClumpIII	10	0	40.4	68	39	37	17.2	3.6	mem
dw1000-0831	10	0	55	-8	31	48	16.5	11.35	SBF
MCG-01-26-009	10	1	33.6	-6	31	30	13.6	9.7	mem
KKSG17	10	1	38.4	-8	14	56	12.8	9.94	TRGB
dw1002-0818	10	2	1	-8	18	36	16.2	10.7	SBF
UGCA193	10	2	36.2	-6	0	43	12	10.05	TRGB
dw1002-0642	10	2	37.7	-6	42	29	17.1	9.25	SBF
NGC3109	10	3	7.2	-26	9	36	7.5	1.34	TRGB
NGC3077	10	3	21	68	44	2	7.3	3.85	TRGB
GARLAND	10	3	42	68	41	36	14.2	3.82	TRGB
ESO499-038	10	3	50.2	-26	36	46	13.1	12.2	BTF
NGC3104	10	3	57.4	40	45	25	11.2	16	TF
dw1004-0737	10	3	58.8	-7	38	28	15.0	10.79	SBF
Antlia	10	4	4	-27	19	55	12.7	1.37	TRGB
dw1004-0657	10	4	37.7	-6	57	32	15.3	8.75	SBF
BK5N	10	4	40.3	68	15	20	13.2	3.7	TRGB
UGC05427	10	4	41	29	21	59	12.2	11.3	TRGB
KDG063	10	5	7.3	66	33	18	11.0	3.65	TRGB
NGC3115	10	5	14	-7	43	7	5.9	9.68	SBF
UGC05423	10	5	30.6	70	21	52	12	8.87	TRGB
d1005+68	10	5	31.8	68	14	20	16.5	3.98	TRGB
KDG065	10	5	34.4	-7	44	57	12.2	9.7	mem
KKSG18	10	5	41.6	-7	58	53	10.1	9.7	mem
dw1006-0730	10	6	12.7	-7	30	0	14.6	10.18	SBF
dw1006-0732	10	6	26.6	-7	32	56	15.3	10.52	SBF
dw1006-0730-n2	10	6	33.6	-7	30	36	17.4	8.33	SBF
Dw1006-0828	10	6	35.8	-8	27	56	19.1	10.2	mem
[CKT2009]d1006+67	10	6	46.2	67	12	4	15.3	3.61	TRGB
d1006+69	10	6	55.5	69	54	17	15.7	4.33	TRGB
KDG064	10	7	1.9	67	49	39	11.2	3.75	TRGB
Segue1	10	7	3.2	16	4	25	12.0	0.02	CMD
dw1007-0835	10	7	15.4	-8	35	10	17.2	8.23	SBF
UGC05456	10	7	19.7	10	21	44	11.6	10.52	TRGB
dw1007-0715	10	7	20.2	-7	15	47	13.6	8.96	SBF
KKH58	10	7	22.7	38	58	11	12.9	18.4	TF
dw1007-0830	10	7	47	-8	30	14	16.0	11.07	SBF
IKN	10	8	5.9	68	23	57	10.1	3.75	TRGB
LeoI	10	8	26.9	12	18	29	6.9	0.26	TRGB
d1009+68	10	9	14.3	68	45	25	15.5	3.73	TRGB
AGC208477	10	9	19.8	27	56	44	16.0	10.23	TRGB
PGC1099440	10	9	32.5	-2	10	58	13.3	10.42	TRGB
[CKT2009]d1009+70	10	9	34.9	70	32	55	13.4	9	TRGB
SexA	10	11	0.8	-4	41	34	10.2	1.45	TRGB
Dw1012+4259	10	12	42.7	42	59	31	16.6	11.1	mem
UGC05497	10	12	48.4	64	6	27	13.2	3.73	TRGB
SexDSph	10	13	3	-1	36	52	7.0	0.09	TRGB
[CKT2009]d1014+68	10	14	55.8	68	45	27	15.9	3.84	TRGB
[CKT2009]d1015+69	10	15	6.9	69	2	15	16.2	4.07	TRGB
KUG1013+414	10	16	15.6	41	9	59	12.7	11.12	mem
LVJ1017+2922	10	17	26.5	29	22	11	14.1	10.57	TRGB
NGC3184	10	18	17	41	25	28	7.2	11.12	SN
LVJ1018+4109	10	18	22.2	41	9	57	14.2	11.1	mem
PGC30114	10	18	43	46	2	44	13.1	11.32	NAM
UGC05571	10	19	42.4	52	3	56	14.1	8.24	BTF
HIJASSJ1021+6842	10	21	0.2	68	42	0		3.7	mem
HS117	10	21	25.2	71	6	58	14.1	3.96	TRGB
LVJ1021+0054	10	21	38.9	0	54	0	14.9	8.59	NAM
LeoP	10	21	45.1	18	5	17	14.7	1.73	TRGB
AGC731448	10	23	45	27	6	39	14.1	10	TRGB
KKSG19	10	24	28.3	-12	25	57	14.2	11.01	TRGB
NGC3239	10	25	4.9	17	9	49	9	10.17	SN
DDO078	10	26	27.9	67	39	24	10.1	3.48	TRGB
UGC05672	10	28	20.9	22	34	17	11.6	9.33	TF
IC2574	10	28	22.4	68	24	58	8.6	3.93	TRGB
LVJ1028+4240	10	28	33	42	40	8	15.0	10.28	NAM
[CKT2009]d1028+70	10	28	39.7	70	14	1	13.7	3.84	TRGB
AGC749315	10	29	6.4	26	54	38	16.7	9.46	NAM
DDO082	10	30	35	70	37	10	10.3	3.93	TRGB
LVJ1030+0607	10	30	44.3	6	7	38	14.3	7.8	TF
AGC731457	10	31	55.8	28	1	33	14.3	10.52	TRGB
NGC3274	10	32	17.1	27	40	7	10.7	7.98	BS
Dw1033+1213	10	33	29.3	12	13	44	17.9	10.8	mem
BK6N	10	34	31.9	66	0	42	12.8	3.31	TRGB
UMaI	10	34	48.8	51	56	6	11.1	0.1	TRGB
AGC202248	10	34	56.1	11	29	32	15.1	22.18	NAM
PGC2277751	10	35	12.1	46	14	12	15.0	11.48	TRGB
ESO501-023	10	35	23.2	-24	45	15	10.3	10.2	TF
LeG03	10	35	48.8	8	28	47	14.6	21.88	TF
KUG1033+366B	10	36	17.6	36	25	31	14.6	11.91	NAM
NGC3299	10	36	23.8	12	42	27	11	10.4	mem
DDO083	10	36	43.3	31	32	48	13.4	10.9	txt
AGC205165	10	37	4.8	15	20	15	13.9	10.4	mem
dw1037+09	10	37	40.6	9	6	20	15.5	10.42	mem
Dw1038+1158	10	38	4.8	11	58	23	16.3	10.8	mem
AGC200499	10	38	8	10	22	51	11.6	25.12	TF
AGC208397	10	38	58.1	3	52	27	17.2	10.2	h'
UGC05797	10	39	25.2	1	43	7	11.8	10.42	TRGB
LeG04	10	39	40.2	12	44	6	16.2	10.4	mem
LeG05	10	39	43.3	12	38	4	14.3	10.4	mem
LeG06	10	39	55.7	13	54	28	15.8	10.4	mem
AGC208399	10	40	10.7	4	54	32	17.0	10.1	BTF
UGC05812	10	40	56.6	12	28	19	12.8	10.4	mem
[CKT2009]d1041+70	10	41	16.8	70	9	3	15.2	3.7	TRGB
FS04	10	42	0.3	12	20	6	13.0	10.4	mem
dw1042+2415	10	42	22.1	24	15	0	13.4	10.03	SBF
LeG09	10	42	34.6	12	9	2	13.2	10.19	TRGB
DDO084	10	42	41.9	34	26	56	11.2	8.95	TRGB
N3344dw1	10	42	44	25	1	30	18.7	10.57	SBF
dw1042+1359	10	42	45.4	13	59	24	17.0	10.51	SBF
dw1043+1410	10	43	10.8	14	10	48	15.9	11.92	SBF
ESO376-016	10	43	27.1	-37	2	33	13.0	6.92	TRGB
NGC3344	10	43	30.2	24	55	25	7.4	9.82	TRGB
dw1043+1415	10	43	49.8	14	15	17	16.0	12.24	SBF
LeG10	10	43	55.4	12	8	7	16.7	10.4	mem
NGC3351	10	43	57.7	11	42	13	6.7	9.95	TRGB
LeG11	10	44	2.1	15	35	20	16.3	10.4	mem
LeG12	10	44	7.8	11	31	59	16.0	10.4	mem
dw1044+1359	10	44	25.9	13	59	56	16.7	10.6	SBF
AGC205445	10	44	35.3	13	56	23	12.2	11.13	SBF
dw1044+1351	10	44	38.2	13	51	32	15.7	11.49	SBF
LeG13	10	44	57.6	11	54	58	15.2	9.99	SBF
dw1045+2427	10	45	31	24	27	58	16.0	9.76	SBF
dw1045+14b	10	45	56	14	13	37	17.6	10.42	mem
dw1045+16	10	45	56.5	16	55	0	14.6	10.42	mem
dw1045+13	10	45	58.1	13	32	52	15.6	10.42	mem
LeG14	10	46	14.4	12	57	36	14.5	10	TRGB
KK93	10	46	24.8	14	1	30	13.8	9.51	TRGB
LeG16	10	46	30	11	45	21	14.2	11.02	SBF
LeG17	10	46	41.5	12	19	35	12.8	10.99	SBF
NGC3368	10	46	45.8	11	49	11	6.3	10.42	Cep
dw1046+1244	10	46	46	12	44	59	18.4	10.2	TRGB
LeG18	10	46	53.3	12	44	40	15.8	10.19	TRGB
LeG19	10	46	54.8	12	47	17	14.6	11.68	SBF
KK94	10	46	57.3	12	59	54	15.0	10.19	TRGB
dw1047+16	10	47	0.3	16	8	50	15.9	10.42	mem
LeG21	10	47	0.8	12	57	35	16.7	11.56	SBF
dw1047+1153	10	47	6	11	52	41	17.2	9.35	SBF
NGC3368dwTBG	10	47	8	11	17	2	15.4	10.4	mem
M96-DF7	10	47	13.5	12	48	9	14.7	10.19	TRGB
DDO088	10	47	22.3	14	4	13	11.9	10	TRGB
M96-DF2	10	47	40.6	12	2	56	15.8	10.62	TRGB
ESO318-013	10	47	41.9	-38	51	15	12.1	6.92	TRGB
dw1047+1258	10	47	42.2	12	58	30	15.8	11	SBF
NGC3377	10	47	42.4	13	59	8	7.4	10.42	TRGB
BST1047+1156	10	47	43.8	11	56	1	17.6	10.4	mem
NGC3379	10	47	49.6	12	34	54	6.3	11.32	TRGB
M96-DF1	10	48	13.1	11	58	6	15.6	10.42	TRGB
NGC3384	10	48	16.9	12	37	45	6.8	9.42	TRGB
dw1048+1121	10	48	23	11	21	7	16.3	10.4	mem
dw1048+1154	10	48	25	11	54	43	15.5	10.75	SBF
dw1048+13	10	48	35.8	13	3	36	15.9	10.62	TRGB
dw1048+1259	10	48	52.1	12	59	42	16.1	11.81	SBF
PGC032348	10	48	53.7	14	7	28	11.5	12.67	SBF
UGC05923	10	49	7.6	6	55	2	11.5	20.3	TF
dw1049+12a	10	49	11.4	12	47	34	17.4	11.91	SBF
dw1049+15	10	49	13.9	15	58	22	16.4	10.42	mem
Willman1	10	49	21	51	3	0	11.9	0.04	CMD
dw1049+12b	10	49	26	12	33	9	15.1	10.81	TRGB
DDO087	10	49	36.5	65	31	50	11.9	8.5	TRGB
LeG22	10	49	37.1	11	21	6	15.5	10.4	mem
MRK1265	10	49	40.4	22	50	19	12.9	9.55	TRGB
AGC740112	10	49	55.4	23	4	6	13.6	10.57	TRGB
dw1050+1352	10	50	3.6	13	53	20	15.4	10.4	mem
UGC05944	10	50	19.1	13	16	19	12	11.07	SBF
dw1050+1353	10	50	20.4	13	53	46	15.0	10.4	mem
dw1050+1213	10	50	24	12	13	5	17.1	11.19	SBF
KK96	10	50	27.1	12	21	39	13.1	10	TRGB
dw1050+1236	10	50	35.8	12	36	32	16.4	11.25	SBF
NGC3412	10	50	53.3	13	24	44	7.7	11.32	SBF
LSBCD640-11	10	51	1.4	13	20	2	12.5	10.89	SBF
dw1051+11	10	51	3	11	1	13	13.9	10.42	mem
Dw1051+6416	10	51	16.1	64	16	41	16.8	9	txt
NGC3413	10	51	20.7	32	45	59	10.4	12.02	TF
LeG26	10	51	21.1	12	50	57	12.4	10.34	SBF
Dw1051+3617	10	51	27.6	36	17	10	16.4	9.1	mem
AGC205540	10	51	31.4	14	6	53	15.5	10.4	mem
KKH65	10	51	59.1	28	21	45	13.2	10	txt
AGC205544	10	52	4.8	15	1	50	12.9	10.4	mem
LVJ1052+3628	10	52	5.5	36	28	36	15.5	9.2	mem
UGC05983	10	52	17.5	36	35	36	13.6	9.2	mem
AGC202456	10	52	19.5	11	2	36	12.0	10.4	mem
LeG27	10	52	20.1	14	42	26	14.4	10.4	mem
NGC3432	10	52	31.1	36	37	8	9.1	9.14	TRGB
LVJ1052+3639	10	52	40.8	36	39	54	13.4	9.2	mem
KDG073	10	52	57.1	69	32	45	14.7	3.91	TRGB
LeG28	10	53	0.7	10	22	45	15.8	10.4	mem
UGC06014	10	53	42.7	9	43	41	12.5	16.98	TF
Dw1053+1518	10	53	46.3	15	18	40	18.9	10.8	mem
dw1055+11	10	55	43	11	58	5	13.7	10.42	mem
LSBCD640-12	10	55	57.1	12	20	20	16.0	10.4	mem
LSBCD640-13	10	56	14	12	0	37	14.5	10.4	mem
HS1053+3624	10	56	40.4	36	8	28	15.3	9.2	TRGB
ESO215-009	10	57	30.2	-48	10	44	12.6	5.47	TRGB
VV747	10	57	47	36	15	39	13.1	9.2	mem
CGCG095-078	10	58	2.2	19	30	19	13.1	11.7	TF
LSBCD640-14	10	58	10.5	11	59	57	14.3	10.4	mem
AGC205278	10	58	52.1	14	7	46	14.9	11.8	TF
dw1059+11	10	59	51.1	11	25	38	16.8	10.42	mem
NGC3489	11	0	18.6	13	54	4	7.4	12.08	SBF
Dw1100+1125	11	0	31.4	11	25	52	19.1	10.8	mem
LeG33	11	0	45.2	14	10	20	16.2	10.4	mem
LSBCD640-08	11	0	52.1	13	52	51	12.8	10.4	mem
dw1101+11	11	1	21.8	11	45	12	17.3	10.42	mem
KDG74	11	2	21.8	70	15	50	14.4	3.7	mem
SMDG1103517+284120	11	3	51.7	28	41	20	15.8	8.51	BTF
CGCG066-109	11	4	26.5	11	45	18	13.8	10.3	TF
Dw1104+0004	11	4	38.4	0	4	49	16.4	11.68	SBF
KKSG20	11	4	40.6	0	3	30	14.5	10.18	SBF
Dw1104+0005	11	4	40.9	0	5	33	16.8	12.75	SBF
MRK0036	11	4	58.5	29	8	22	14	8.67	NAM
LeoM	11	5	21.2	25	20	43	13.8	0.46	HB
UGC06145	11	5	35	-1	51	49	13.9	10.7	mem
NGC3521sat	11	5	40.7	0	7	15	11.9	10.7	mem
NGC3521	11	5	48.6	0	2	9	5.8	10.7	TF
KKSG22	11	6	7.7	-1	26	55	15.3	11.57	SBF
Dw1106+1250	11	6	9.8	12	50	42	16.4	10.8	mem
Dw1106-0052	11	6	26	0	52	52	16.9	12.15	SBF
dw1107-0038	11	7	6.2	0	38	2	17.3	11.49	SBF
NGC3521dwTBG	11	7	13.1	0	11	15	13.7	12.29	SBF
Dw1108+5520	11	8	59.5	55	20	28	15.4	9.9	mem
Dw1109+5447	11	9	13.2	54	47	10	17.3	9.9	mem
dw1109-0016	11	9	18.7	0	16	37	15.0	9.91	SBF
dw1110+0037	11	10	29.6	0	37	0	14.8	11.43	SBF
Dw1111+0049	11	11	23.7	0	49	49	16.7	10.06	SBF
NGC3556	11	11	31	55	40	26	7	9.9	TF
Dw1111+1338	11	11	35	13	38	38	16.3	11.1	mem
Dw1113+5541	11	13	10.1	55	41	17	18.1	9.9	mem
DDO092	11	13	26.1	53	35	42	13.2	9.91	BTF
LeoII	11	13	29.2	22	9	17	8.4	0.25	TRGB
AGC215282	11	14	25.2	15	32	2	14.2	11.12	mem
NGC3593	11	14	35.9	12	49	7	7.4	10.8	TF
AGC202256	11	14	45	12	38	51	15.1	11	TF
dw1114+1307	11	14	51.1	13	7	55	15.9	11.12	mem
AGC740666	11	15	21.4	19	14	32	14.6	6.85	NAM
dw1116+5551	11	16	7.7	55	51	43	17.4	9.9	mem
IC2684	11	17	1	13	5	59	13.7	10.3	mem
dw1117+1250	11	17	44.4	12	50	13	16.4	11.12	mem
dw1118+1330	11	18	15.8	13	30	50	16.4	11.12	mem
NGC3621	11	18	16.1	-32	48	42	6.6	6.64	TRGB
dw1118+1233	11	18	42.2	12	33	40	13.3	9.67	SBF
dw1118+1348	11	18	53.5	13	48	18	15.1	9.86	SBF
NGC3623	11	18	55.9	13	5	33	6.1	12.19	TF
AGC215286	11	19	12.7	14	19	37	14.3	11.7	TF
AGC202257	11	19	14.4	11	57	7	14.1	11.7	BTF
AGC215354	11	19	15.9	14	17	25	15.0	10.28	mem
dw1119+1404	11	19	21.6	14	4	30	12.7	9.48	SBF
Dw1119+1011	11	19	30.7	10	11	56	15.7	11.1	mem
PGC034671	11	19	48.6	55	43	22	14.1	9.9	mem
NGC3627	11	20	15	12	59	29	5.9	11.12	TRGB
dw1120+1332	11	20	16.1	13	32	56	14.1	11.43	SBF
NGC3628	11	20	17	13	35	23	6.1	10.52	TF
dw1120+1337	11	21	1.2	13	36	26	12.5	11.12	mem
dw1121+1411	11	21	29.3	14	11	49	15.9	11.12	mem
dw1121+1326	11	21	37	13	26	49	15.7	8.69	SBF
AGC213436	11	22	24	12	58	46	12.7	11.66	SBF
IC2782	11	22	55.3	13	26	29	13.1	10.46	SBF
dw1122+5515	11	22	58.1	55	15	43	16.1	9.9	mem
KKH67	11	23	3.5	21	19	37	14.2	10	txt
AGC215414	11	23	13.4	13	42	50	15.4	11.12	mem
IC2787	11	23	19.1	13	37	47	12.9	11.06	SBF
IC2791	11	23	37.6	12	53	45	14.6	9.95	SBF
dw1123+1346	11	23	56.4	13	46	41	15.9	11.12	mem
AGC215415	11	24	34.8	12	40	26	16.1	11.12	mem
dw1125+1316	11	25	55	13	16	8	13.1	11.12	mem
Dw1127+1346	11	27	13	13	46	52	15.9	11.1	mem
UGC06456	11	28	0.6	78	59	29	12.5	4.63	TRGB
UGC06451	11	28	46.4	79	36	7	13.9	3.7	mem
AGC213091	11	29	34.6	10	48	35	16.0	11.12	mem
KDG078	11	29	54	52	24	14	12.5	9.9	mem
KKH68	11	30	53.3	14	8	46	14.0	12.47	TRGB
LeoV	11	31	9.6	2	13	12	13.4	0.18	CMD
HIPASSJ1131-31	11	31	35.2	-31	40	20	15.5	6.9	TRGB
LeoIV	11	32	57	0	32	0	12.7	0.16	HB
HIPASSJ1133-32	11	33	11	-32	57	43	13.7	5.6	TRGB
UGC06541	11	33	29.1	49	14	17	11.9	4.23	TRGB
AGC215248	11	33	50.9	14	3	15	15.5	9.9	TF
KKH69	11	34	53.3	11	1	12	14.7	7.4	TF
NGC3738	11	35	48.6	54	31	22	9.6	5.3	TRGB
NGC3741	11	36	6.4	45	17	7	12.3	3.22	TRGB
Crater	11	36	15.8	-10	52	40	11.8	0.17	CMD
ESO320-014	11	37	53.4	-39	13	14	12.9	6	TRGB
[KK98]108	11	40	3.6	46	28	43	15.3	5	txt
UGC06757	11	46	59.1	61	20	6	13.8	4.61	TRGB
KK109	11	47	11.2	43	40	19	15.7	4.51	TRGB
DDO097	11	48	57.2	23	50	16	12.6	13.74	BS
LVJ1149+1715	11	49	5.6	17	15	21	15.7	5.86	NAM
Crater2	11	49	14.4	-18	24	47	9.1	0.12	TRGB
HIZOAJ1149-62	11	49	38.4	-62	11	2		24.5	0BTF
KKH73	11	50	6.4	55	47	0	14.9	11.4	NAM
DDO099	11	50	53	38	52	50	11.9	2.65	TRGB
Grapes	11	52	5.6	54	47	32	15.9	5.96	TRGB
PGC3401153	11	53	52.4	51	29	38	15.1	9.12	NAM
AGC215145	11	54	12.5	12	26	6	16.6	8.2	BTF
ESO379-007	11	54	43	-33	33	29	13.6	5.45	TRGB
UGC06881	11	54	44.7	20	3	20	13.4	16.4	TF
PGC4561602	11	55	4.2	28	20	53	13.5	5.42	NAM
KDG81	11	55	14.3	44	9	0	13.7	9.66	TF
MCG+05-28-046	11	55	22.5	28	20	30	13.9	23.8	TF
KDG082	11	55	39.4	31	31	10	12.1	16.6	TF
NGC3990	11	57	35.6	55	27	31	9.6	10.3	SBF
LVJ1157+56sat	11	57	52.9	56	36	50	18.4	7.66	mem
LVJ1157+5638	11	57	54.2	56	38	17	14.7	8.75	TRGB
LVJ1158+1535	11	58	40.4	15	35	34	15.6	5.01	NAM
BTS76	11	58	44.1	27	35	6	15.0	12.59	TRGB
ESO572-034	11	58	58.1	-19	1	48	11.5	10.52	TRGB
Dw1159+5554	11	59	56.6	55	54	54	17.3	10.3	mem
VirgoI	12	0	9.6	0	40	48	15.4	0.09	HB
KUG1157+315	12	0	16.2	31	13	30	12.9	14.8	TF
LVJ1203+4739	12	3	0	47	39	15	14.8	7.94	NAM
LVJ1203+3257	12	3	10.9	32	57	22	14.0	6.64	NAM
NGC4068	12	4	2.4	52	35	19	10.8	4.39	TRGB
NGC4080	12	4	51.8	26	59	33	10.8	15	TF
ESO379-024	12	4	56.7	-35	44	35	13.8	5.46	TRGB
IC2992	12	5	15.9	30	51	20	12.4	12.7	TF
KUG1202+286	12	5	23.3	28	21	56	13.2	7.18	TF
[KK98]121	12	5	24.5	43	42	28	11.0	10	txt
PGC4310323	12	5	31	31	4	34	14.7	6.43	NAM
LVJ1205+2813	12	5	34.2	28	13	56	14.0	11.53	TRGB
PGC4560429	12	6	33.5	30	37	16	13.9	5.47	NAM
MAPS1206+31	12	6	34.5	31	20	33	13.2	6.43	NAM
LVJ1207+3133	12	7	50	31	33	8	14.8	12.02	TRGB
UGC07131	12	9	11.8	30	54	24	12.9	16.8	TF
NGC4136	12	9	17.7	29	55	39	9.3	6.67	NAM
MCG+06-27-017	12	9	56.4	36	26	7	12	4.85	TRGB
NGC4144	12	9	59.3	46	27	26	9.4	6.89	TRGB
IC3023	12	10	1.7	14	22	1	13.5	17	TRGB
MADCASH-2	12	10	6.7	35	26	35	16.6	3.01	TRGB
N4258dwC	12	10	26.8	46	44	49	14.8	7.66	mem
NGC4150	12	10	33.6	30	24	6	9	13.74	SBF
NGC4163	12	12	8.9	36	10	10	10.9	2.99	TRGB
[KK98]125	12	12	41.9	68	55	38	15.0	8	txt
KK127	12	13	22.7	29	55	18	14	17.3	TF
NGC4190	12	13	44.6	36	38	0	10.8	2.83	TRGB
AGC732009	12	13	48.4	29	57	32	15.0	16.5	TF
ESO321-014	12	13	49.6	-38	13	53	12.7	3.33	TRGB
UGC07242	12	14	7.4	66	5	32	12.2	5.45	TRGB
Dw1214+2101	12	14	18.2	21	1	8	15.9	7	mem
Dw1214+2945	12	14	26.6	29	45	50	14.9	6.7	mem
VCC0114	12	14	35.2	5	40	38	13.7	8.2	TF
KDG090	12	14	57.9	36	13	8	11.7	2.98	TRGB
UGC7257	12	15	3	35	57	31	12.3	12.42	TF
NGC4204	12	15	14.4	20	39	31	10	8	txt
UGC07267	12	15	23.6	51	21	0	11.9	12.9	TF
Dw1215+2041	12	15	32.2	20	41	0	16.2	7	mem
UGC07271	12	15	33.4	43	26	3	13.2	18.6	TF
NGC4214	12	15	38.9	36	19	39	8.1	2.88	TRGB
MCG+09-20-131	12	15	46.7	52	23	15	12.9	4.61	TRGB
LVJ1215+4732	12	15	51.1	47	32	56	16.6	11.7	SBF
VCC0169	12	15	56.2	9	38	57	14.3	9.4	TF
IC3077	12	15	56.3	14	25	59	12.7	9.1	TF
M106edgeN4217	12	16	12.5	47	8	4	14.2	7.7	mem
UGC07298	12	16	28.6	52	13	38	13.3	4.19	TRGB
NGC4236	12	16	43.3	69	27	56	7.5	4.41	TRGB
LVJ1217+4703	12	17	10.1	47	3	49	16.1	13.8	SBF
UGC07320	12	17	28.5	44	48	41	13.0	9.2	TF
NGC4244	12	17	29.9	37	48	27	7.7	4.31	TRGB
NGC4242	12	17	30.2	45	37	10	9.1	7.62	TRGB
LVJ1217+3231	12	17	32	32	31	57	15.8	12.59	TRGB
UGC7321	12	17	34	22	32	25	10.7	17.2	TF
KKH78	12	17	44.5	33	20	43	15.3	4.7	mem
NGC4248	12	17	49.9	47	24	33	10.6	7.4	TF
LVJ1218+4655	12	18	11.1	46	55	1	14.2	8.28	TRGB
AGC229053	12	18	15.5	25	34	6	15.4	12.47	TRGB
KDG098	12	18	29.4	28	38	45	12.3	9	txt
PGC4555586	12	18	31.5	30	3	40	12.8	6.85	NAM
IC3104	12	18	46.1	-79	43	34	9.3	2.36	TRGB
BTS116	12	18	57.3	28	33	11	11.8	3.18	NAM
NGC4258	12	18	57.5	47	18	14	5.5	7.66	TRGB
KK132	12	19	6.5	47	43	51	14.3	7.31	TRGB
KDG101	12	19	9.1	47	5	23	11.6	7.28	TRGB
PGC039646	12	19	15.6	6	17	38	13.2	5.15	TF
KK133	12	19	32.8	43	23	11	15.3	8.32	NAM
KK134	12	19	33.8	47	27	6	12.8	12.7	SBF
KK135	12	19	34.7	58	2	34	15.1	5.46	TRGB
d1219+4705	12	19	36.8	47	5	33	14.4	12.47	SBF
IC779	12	19	38.7	29	53	0	11.8	16.67	SBF
PGC213976	12	19	43.6	29	39	32	13.0	6.31	NAM
VCC0381	12	19	54.1	6	39	57	14.3	16.5	mem
PGC39764	12	20	6.8	29	16	51	6.8	16.07	SBF
[KKH2011]S11	12	20	30.1	47	29	25	16.5	9.25	SBF
NGC4288	12	20	38.1	46	17	30	11.3	8.24	NAM
KK136	12	20	40.6	47	0	3	13.3	15.63	SBF
CVnHI	12	20	43.4	46	12	33		7.66	mem
VCC0429	12	20	43.9	14	37	52	14.7	7.1	TF
KUG1218+387	12	20	54.9	38	25	49	13.0	7.35	NAM
d1220+4649	12	20	55	46	49	45	15.2	7.9	SBF
DDO120	12	21	15	45	48	41	10.8	7.28	TRGB
PGC1853813	12	21	16.6	29	2	21	13.8	6.67	NAM
KDG104	12	21	27.9	15	1	28	14.1	9.4	TF
HydraII	12	21	42.1	-31	59	7	12.5	0.13	CMD
KDG105	12	21	43	37	59	14	14.3	7.6	TF
UGC7427	12	21	55	35	3	5	13.5	9.7	TF
NGC4308	12	21	56.9	30	4	27	10.6	14	txt
KK138	12	21	58.4	28	14	34	16.3	6.3	txt
KKSG27	12	22	5.7	-9	48	1	15.2	6.64	BTF
GR34	12	22	7.6	15	47	57	13.4	9.29	TRGB
PGC4323538	12	22	16.7	30	53	24	12.9	6.31	NAM
VCC0565	12	22	38.5	6	0	52	14.5	9.6	TF
KK141	12	22	52.7	33	49	43	15.1	8.32	TRGB
PGC40195	12	23	9.7	29	20	59	12.8	6	NAM
IC3247	12	23	14	28	53	38	12.1	24.4	TF
BTS132	12	23	46.2	47	39	32	14.2	7.4	SBF
BTS133	12	24	7.6	37	59	35	15.4	8.99	BTF
PGC5059199	12	24	9.9	26	13	52	17.3	2.7	NAM
N4258dwB	12	24	10.9	47	7	23	14.1	7.66	mem
UGC07485	12	24	22.2	21	9	36	12.5	7.94	TF
Dw1224+3938	12	24	34.6	39	38	10	16.6	8.9	mem
IC3308	12	25	17.9	26	42	53	12.5	12.8	TF
KK144	12	25	27.9	28	28	57	14.1	6	TRGB
UGC07512	12	25	41.3	2	9	32	12.8	11.86	TRGB
AGC749236	12	25	42.4	26	48	36	14.9	15.1	BTF
VCC0841	12	25	47	14	57	7	13.2	7.9	TF
NGC4395	12	25	49.8	33	32	46	8	4.76	TRGB
DDO123	12	26	8.1	58	19	21	11.9	10.5	TF
UGCA281	12	26	16	48	29	31	12.5	5.7	TRGB
IC3341	12	26	23.4	27	44	44	14.0	11.64	TRGB
SBS1224+533	12	26	52.6	53	6	19	13.5	6.12	TRGB
ComaI	12	26	58.4	23	54	42	10.8	0.04	HB
DDO126	12	27	5.1	37	8	33	11.5	4.97	TRGB
DDO125	12	27	41.8	43	29	38	10.2	2.61	TRGB
UGC07584	12	28	2.9	22	35	22	13.7	9.2	TF
KKH80	12	28	5.4	22	17	27	14.4	6.4	TRGB
NGC4449	12	28	11.2	44	5	40	7.3	4.27	TRGB
DDO127	12	28	28.5	37	14	0	12.6	4.72	TRGB
UGC07596	12	28	33.9	8	38	23	12.5	4.6	TF
UGC07605	12	28	39	35	43	5	12.4	4.74	TRGB
NGC4455	12	28	44.1	22	49	21	10.6	6.61	TRGB
DDO129	12	28	44.2	43	13	27	11.0	8.9	TF
LVJ1228+4358	12	28	44.9	43	58	18	11.5	4.07	TRGB
NGC4460	12	28	45.8	44	51	52	9.1	9.59	SBF
KK149	12	28	52.3	42	10	40	12.6	8.51	TRGB
Dw1229+4109	12	29	43.2	41	9	43	15.1	8.9	mem
UGC07639	12	29	53	47	31	48	11.7	7.14	SBF
UGC07636	12	30	1	7	55	46	12.5	5.2	TF
UGC07642	12	30	13.8	2	37	30	12.9	10	TF
KK151	12	30	23.8	42	54	5	13.4	8.2	TRGB
NGC4485	12	30	31.2	41	42	0	10.6	8.91	TRGB
AGC229379	12	30	34	23	12	20	16.3	7.52	TRGB
NGC4490	12	30	36.4	41	38	37	7.4	8.91	mem
AGC724906	12	30	56	26	30	40	15.0	7.55	TF
CGCG014-054	12	31	3.8	1	40	33	13.4	9.42	TRGB
MAPS1231+42	12	31	9	42	5	39	15.0	8.13	TRGB
DDO131	12	31	58.6	29	42	35	12.9	7.35	mem
UGC07678	12	32	0.4	39	49	55	12.5	9.08	TRGB
ComaP	12	32	10.3	20	25	24	15.5	10.9	TRGB
UGC07690	12	32	26.9	42	42	15	11.4	8.91	mem
AGC229089	12	32	36	33	13	25	14.2	6.73	TF
dw1232+0015	12	32	36.2	0	15	43	13.1	9.56	SBF
NGC4517	12	32	45.5	0	6	54	7.3	8.36	TRGB
UGC07699	12	32	48	37	37	18	11.2	14.5	TF
DDO133	12	32	53	31	32	21	11.1	4.88	TRGB
NGC4509	12	33	6.8	32	5	30	11.5	10.1	TF
BTS142	12	33	7.4	38	6	58	16.0	10	BTF
KDG155	12	33	8	0	31	59	14.0	8.11	BTF
KK152	12	33	24.9	33	21	5	13.9	9.77	TRGB
PGC041749	12	33	52.7	39	37	33	13.1	9.94	TRGB
UGC7719	12	34	0.6	39	1	10	12.6	9.2	TF
NGC4534	12	34	5.5	35	31	6	11.2	9.8	TF
Dw1234+4116	12	34	38.2	41	16	34	14.8	8.45	NAM
UGC07748	12	34	38.4	68	20	25	13.8	8.7	TF
KDG162	12	35	1.6	58	23	8	16.1	10	txt
UGC7751	12	35	11.8	41	3	39	14.0	7.9	TF
LVJ1235-1104	12	35	39.4	-11	4	2	13.2	10	TF
NGC4559	12	35	57.7	27	57	35	7.6	8.91	TRGB
Dw1235+7050	12	35	59.5	70	50	53	16.6	4.4	mem
UGC07774	12	36	22.5	40	0	19	11.1	22.6	TF
VCC1675	12	36	35	8	3	17	12.1	7.5	TF
dw1236-0025	12	36	42	0	25	52	16.6	9.38	SBF
IC3583	12	36	43.5	13	15	34	11.2	9.51	TRGB
MAPS1236+33	12	36	49.4	33	36	48	14.5	7.45	TF
Dw1237+3304	12	37	2.2	33	4	59	13.3	10.9	SBF
IC3591	12	37	3	6	55	36	11.6	9.8	TF
dw1237-1125	12	37	11.6	-11	25	59	14.5	7.51	SBF
AGC220847	12	37	14	29	37	51	13.8	8.44	TRGB
KKSG29	12	37	14.1	-10	29	51	14.1	9.82	TRGB
Arp211	12	37	21.3	38	44	43	13.3	6.14	TRGB
VCC1713	12	37	29.1	4	45	5	13.4	7.2	TF
KKSG30	12	37	35.9	-8	52	2	14.0	9.73	TRGB
VCC1725	12	37	41.2	8	33	33	11.7	8.5	TF
dw1238+0028	12	38	14.2	0	28	37	15.9	9.21	SBF
Dw1238+3337	12	38	18	33	37	59	14.8	11.57	SBF
AGC724993	12	38	30	29	3	18	14.7	9.2	TF
KKSG31	12	38	33.7	-10	29	25	13.5	9.55	mem
UGCA292	12	38	40	32	46	0	14.2	3.85	TRGB
dw1238-0035	12	38	49.2	0	35	53	15.4	9.2	SBF
dw1238-0105	12	38	50.2	-1	5	13	16.6	7.27	SBF
KDG171	12	39	2.4	0	39	54	14.8	8.34	SBF
dw1239+3230	12	39	5	32	30	18	16.2	7.32	SBF
dw1239-1159	12	39	9.1	-11	59	13	15.3	11.33	SBF
Dw1239+2827	12	39	13.4	28	27	14	14.5	8.9	mem
N4594DW1	12	39	15.3	-11	43	8	12.5	9.42	SBF
NGC4592	12	39	18.7	0	31	55	10.2	9.08	TRGB
dw1239+3251	12	39	19.7	32	51	40	16.5	5.93	SBF
N4594-DGSAT-3	12	39	32.8	-11	13	38	14.5	7.87	SBF
UGC07827	12	39	38.9	44	49	15	12.8	9.09	TRGB
SombreroDwA	12	39	51.5	-11	20	29	15.6	9.71	SBF
KKSG32	12	39	55	-11	44	48	13.5	9	SBF
KDG177	12	39	58.5	13	46	53	13.9	17	TRGB
NGC4594	12	39	59.1	-11	37	23	5	9.55	TRGB
NGC4605	12	40	0.3	61	36	29	7.8	5.55	TRGB
AGC749241	12	40	1.7	26	19	19	15.9	5.62	TRGB
dw1240-42	12	40	2	-42	24	44	13.9	3.6	mem
BTS146	12	40	2.1	38	0	2	15.1	8.5	TF
SUCD1	12	40	3.1	-11	40	4	14.7	9.55	mem
KKSG33	12	40	8.9	-12	21	53	14.2	9.55	mem
dw1240-1118	12	40	9.4	-11	18	50	12.2	8.79	SBF
KDG178	12	40	10	32	39	31	13.8	13	TRGB
VCC1822	12	40	10.4	6	50	49	14.1	8.1	TF
NGC4597	12	40	12.9	-5	47	57	9.6	10.1	TF
dw1240-1140	12	40	17.6	-11	40	46	14.6	4.25	SBF
NGC4600	12	40	23	3	7	4	9.8	9.29	TRGB
PGC4074723	12	40	29.9	47	22	4	15.6	7.63	TRGB
Dw1240+3037	12	40	39.8	30	37	55	16.0	7.35	mem
HSC-9	12	40	53	32	16	56	14.9	7.05	SBF
NGC4631dw1	12	40	57	32	47	33	14.3	7.11	SBF
Dw1241+4103	12	41	1	41	3	11	16.7	7.7	mem
dw1241-1131	12	41	2.8	-11	31	44	16.0	7.25	SBF
SombreroDwB	12	41	12	-11	53	33	14.5	11.19	SBF
KKSG34	12	41	18.9	-11	55	39	13.7	9.02	SBF
Dw1241-0427	12	41	22.3	-4	27	50	15.5	10.1	mem
dw1241-32	12	41	27	-42	53	45	15.1	3.6	mem
NGC4618	12	41	32.8	41	9	3	8.7	7.66	TRGB
AGC224291	12	41	39.2	1	50	17	13.8	8.28	TF
LVJ1241+3251	12	41	47.3	32	51	28	13.6	6.21	SBF
NGC4625	12	41	52.7	41	16	26	9.7	11.75	TRGB
NGC4627	12	41	59.7	32	34	25	8.8	6.93	TRGB
NGC4631dw2	12	42	6.8	32	37	15	17.1	7.18	SBF
NGC4631	12	42	8	32	32	29	6.5	7.35	TRGB
N4625A	12	42	11	41	15	10	14.4	7.9	mem
IC3687	12	42	15.1	38	30	7	11.1	4.57	TRGB
KDG187	12	42	17.8	3	28	8	11.4	9.3	mem
HSC-10	12	42	31.4	31	58	9	15.4	7.05	SBF
PGC042730	12	42	48.9	-12	23	27	11.4	9.55	mem
NGC4631dw3	12	42	52.5	32	27	35	15.5	7.4	mem
PGC42772	12	43	7.1	32	29	27	13.8	8.02	TF
dw1243-42b	12	43	11	-42	26	37	15.4	3.6	mem
dw1243-42	12	43	13	-42	27	48	14.4	3.6	mem
BTS151	12	43	24.6	32	28	56	13.1	7.6	TRGB
HSC-5	12	43	44.6	32	32	4	14.8	11	SBF
KDG192	12	43	45	53	57	32	14.1	9.66	TRGB
LVJ1243+4127	12	43	55.7	41	27	25	14.8	4.81	TRGB
KK160	12	43	57.4	43	39	41	15.0	4.33	TRGB
NGC4656	12	43	57.6	32	10	13	8	7.98	TRGB
NGC4656UV	12	44	15.7	32	17	0	10.6	7.98	mem
[KK2000]51	12	44	21.5	-42	56	23	14.6	3.6	mem
DDO143	12	44	25.1	34	23	11	13.6	9.1	TF
UGCA294	12	44	38.1	28	28	21	12.4	9.9	TF
ESO381-018	12	44	42.7	-35	58	0	13.5	5.45	TRGB
IC3718	12	44	46	12	21	5	11.9	6.8	TF
UGC07929	12	45	20.9	21	25	37	14.1	4.41	mem
[KK98]162	12	45	26.8	18	18	1	15.3	10	txt
Dw1245+6158	12	45	49	61	58	8	16.0	5.6	mem
ESO381-020	12	46	0.4	-33	50	17	12.1	5.47	TRGB
AGC227970	12	46	1.4	4	22	52	13.6	8.9	TF
VCC2033	12	46	4.5	8	28	35	12.5	9.8	TF
VCC2037	12	46	15.3	10	12	12	13.4	9.64	TRGB
UGCA298	12	46	55.4	26	33	51	12.4	11	TF
UGC07950	12	46	56.4	51	36	47	12.1	8.9	TF
DDO147	12	46	59.8	36	28	35	12.7	3.01	TRGB
FGC1497	12	47	0.6	32	39	5	14.1	23.4	TF
Dw1247-0824	12	47	25	-8	24	29	13.0	9.55	mem
HIPASSJ1247-77	12	47	32.6	-77	35	1	13.5	3.47	TRGB
NGC4688	12	47	46.5	4	20	10	11.2	6.7	TF
KK164	12	47	59.6	4	26	0	12.8	6.71	TF
NGC4707	12	48	22.9	51	9	53	11.7	6.52	TRGB
Dw1248-0915	12	48	38.4	-9	15	22	13.2	9.55	mem
DDO148	12	48	43.1	-5	15	14	11.0	9	TF
KK165	12	48	52.7	31	58	13	13.3	7.55	SBF
NGC4700	12	49	7.6	-11	24	41	10.5	7.3	TF
KK166	12	49	13.3	35	36	45	13.5	4.39	TRGB
MAPS1249+44	12	49	31	44	21	33	14.7	7.59	NAM
LVJ1249+2155	12	49	36.9	21	55	5	15.0	6.98	TRGB
UGC07983	12	49	47	3	50	32	13.7	16.52	TRGB
EVCC2232	12	50	4.7	0	13	57	15.0	6.01	NAM
UGC07990	12	50	27.2	28	21	10	13.5	20.4	TF
NGC4736	12	50	53.5	41	7	10	5.1	4.41	TRGB
M94-Dw2	12	51	4.4	41	38	10	14.7	4.7	TRGB
BTS157	12	51	13.3	47	4	15	15.0	9.04	mem
KK167	12	51	44.4	26	6	38	14.0	9.2	TF
IC3840	12	51	46.1	21	44	7	13.7	5.97	TRGB
M94-HIn9	12	51	52	40	17	29		84.4	1mem
dw1251-40	12	51	56	-40	19	53	15.4	3.6	mem
dw1252-40	12	52	1	-40	21	55	12.7	3.6	mem
Dw1252-0904	12	52	3.4	-9	4	26	17.0	9.55	mem
dw1252+2215	12	52	5.8	22	15	54	16.0	5.42	SBF
dw1252-43	12	52	25	-43	5	58	15.3	3.6	mem
NGC4765	12	53	14.4	4	27	47	10.8	5.65	TF
PGC3272767	12	53	16.8	-5	18	13	17.0	5.08	NAM
KKSG38	12	53	31.6	-5	55	40	14.5	10.4	TF
KKSG39	12	53	41.9	-6	5	2	16.0	6.8	BTF
DDO153	12	53	57.5	-12	6	31	12.0	9.04	TRGB
DDO154	12	54	5.2	27	8	55	12.3	4.04	TRGB
UGC08030	12	54	29.4	26	18	18	14.2	15.3	TF
ESO443-009	12	54	53.6	-28	20	27	14.4	5.97	TRGB
dw1255+40	12	55	2	40	35	24	15.1	4.1	TRGB
KDG215	12	55	40.5	19	12	33	13.8	4.83	TRGB
ESO219-010	12	56	9.6	-50	8	38	11.1	15	TRGB
AGC221126	12	56	18	34	39	25	14.3	9.5	BTF
KDG216	12	56	25	15	5	9	12.7	6	txt
UGC08061	12	56	43.4	11	55	52	13.5	12.59	TRGB
NGC4826	12	56	44.2	21	41	5	5.3	4.41	TRGB
CVnII	12	57	10	34	19	15	12.8	0.16	HB
dw1257-41	12	57	45	-41	22	52	13.3	3.6	mem
MCG-02-33-075	12	58	28.3	-10	34	37	11.8	8.7	TF
dw1258-37	12	58	29	-37	7	21	14.8	3.6	mem
GR8	12	58	40.4	14	13	3	12.9	2.19	TRGB
HIPASSJ1258-04	12	58	49.6	-4	53	19	12.8	6.5	TF
dw1258+2329	12	58	51.4	23	29	24	15.3	6.08	SBF
[KK98]175	12	59	1	35	28	48	15.1	9.9	mem
NGC4861	12	59	2	34	51	37	10.5	9.95	TRGB
KK176	12	59	56.3	-19	24	47	14.0	7.28	TRGB
UGC08105	12	59	58.1	2	2	58	13.3	9.99	TF
PGC1059300	13	0	0.3	-4	21	38	14.4	3.65	NAM
dw1300+1843	13	0	31	18	43	1	14.1	3.38	SBF
dw1301-30	13	1	28	-30	6	43	15.0	4.9	mem
UGCA319	13	2	14.4	-17	14	15	12.1	5.75	TRGB
KK177	13	2	41.9	21	59	51	12.4	4.83	TRGB
dw1302-40	13	2	49	-40	8	35	14.6	3.6	mem
dw1303+42	13	3	14	42	22	17	15.9	9.04	mem
DDO161	13	3	16.8	-17	25	23	10.4	6.03	TRGB
ESO269-037	13	3	33.6	-46	35	3	13.4	3.15	TRGB
KK180	13	4	29.9	17	45	32	13.1	4.4	mem
KK182	13	5	2.9	-40	4	58	13.5	5.94	TRGB
NGC4945	13	5	26.1	-49	28	16	4.5	3.47	TRGB
dw1305+41	13	5	29	41	53	24	14.9	9.04	mem
KDG218	13	5	44	-7	45	20	12.5	12.59	TRGB
IC4182	13	5	49.3	37	36	21	9.7	4.35	TRGB
dw1305+38	13	5	58	38	5	43	15.5	9.04	mem
DDO165	13	6	26.8	67	42	15	11.1	4.83	TRGB
dw1306-29	13	6	48	-29	53	30	14.6	4.9	mem
MCG-03-34-002	13	7	56.6	-16	41	21	12.5	7.9	TF
UGC08215	13	8	3.6	46	49	41	13.6	4.57	TRGB
UGC08245	13	8	34.2	78	56	13	12.2	4.72	TRGB
dw1308+40	13	8	46	40	54	4	14.2	9.04	mem
MCG-04-31-038	13	9	36.6	-27	8	26	10.8	7.8	TF
ESO269-058	13	10	32.9	-46	59	27	9	3.75	TRGB
dw1310+4153	13	10	41.8	41	53	28	15.4	7.38	SBF
[KK2000]53	13	11	14.2	-38	54	22	12.0	2.92	TRGB
Dw1311+4051	13	11	41.3	40	51	47	16.7	9	mem
Dw1311+4317	13	11	45.6	43	17	6	15.0	9	mem
dw1312-4244	13	12	10.9	-42	44	44	16.1	3.7	mem
NGC5023	13	12	11.9	44	2	19	9.7	6.05	TRGB
NGC5055dwTBG1	13	12	18.9	41	58	37	17.6	9.26	SBF
dw1312-4218	13	12	22.5	-42	18	42	17.1	3.7	mem
dw1313-4246	13	12	42.9	-42	46	51	16.2	3.7	mem
KK189	13	12	45	-41	49	55	12.7	4.23	TRGB
CGCG217-018	13	12	51.8	40	32	35	12.6	8.99	TRGB
KKH82	13	12	58.7	41	47	12	13.3	7.58	SBF
dw1313+46	13	13	2	46	36	8	15.4	8.4	mem
ESO269-066	13	13	9.2	-44	53	24	10.1	3.75	TRGB
NGC5011C	13	13	11.9	-43	15	56	11.2	3.73	TRGB
DDO167	13	13	22.8	46	19	11	13.5	4.25	TRGB
dw1313-4211	13	13	34.3	-42	11	8	14.3	3.7	mem
dw1313-4214	13	13	36.4	-42	14	8	14.6	3.7	mem
KK191	13	13	39.7	42	2	39	15.8	8.28	TRGB
LVJ1313+1003	13	13	47.3	10	3	11	12.6	3.78	NAM
UGC08313	13	13	53.9	42	12	31	11.9	8.77	SBF
dw1314-28	13	14	2	-28	12	12	13.6	4.9	mem
NGC5055dwTBG5	13	14	22.9	41	34	9	16.8	9.04	mem
DDO168	13	14	28.6	45	55	10	11.1	4.25	TRGB
Dw1315+4304	13	15	0.5	43	4	55	15.2	9	mem
dw1315-4232	13	15	3	-42	32	18	15.4	3.7	mem
dw1315+4123	13	15	15.8	41	23	49	16.9	8.8	SBF
DDO169NW	13	15	19.2	47	32	18	15.6	4.33	TRGB
DDO169	13	15	30.7	47	29	47	12.2	4.41	TRGB
KK193	13	15	31.2	41	30	5	15.6	9.65	SBF
dw1315-4309	13	15	34	-43	9	27	16.8	3.7	mem
NGC5055	13	15	49.3	42	1	45	5.6	9.04	TRGB
dw1316-4224	13	16	42.3	-42	24	5	13.5	3.7	mem
CGCG189-050	13	17	4.9	37	57	9	13.2	3.93	NAM
KK194	13	17	19.5	44	23	48	15.2	9.04	mem
AGC239141	13	17	40.8	35	27	59	16.1	3.75	NAM
CenA-MM-Dw11	13	17	49.2	-42	55	37	14.9	3.52	TRGB
dw1318-21	13	18	4	-21	53	6	14.1	4.9	mem
dw1318-4233	13	18	5.6	-42	33	37	15.2	3.7	mem
Fluffy	13	18	10.9	-44	9	26	14.0	3.68	mem
NGC5068	13	18	55.3	-21	2	21	7.6	5.15	TRGB
CenA-MM-Dw5	13	19	52.4	-41	59	37	17.1	3.6	1TRGB
AGC732602	13	21	4.8	24	8	36	14.7	8.2	TF
dw1321-27	13	21	8	-27	44	56	14.8	4.9	mem
KK195	13	21	8.2	-31	31	47	14.5	5.62	TRGB
dw1321+4226	13	21	29	42	25	59	16.4	7.3	SBF
[KK2000]54	13	21	32.4	-31	53	11	15.5	3.75	TRGB
KK196	13	21	47.1	-45	3	48	12.9	3.96	TRGB
NGC5102	13	21	57.8	-36	37	47	6.9	3.66	TRGB
KK197	13	22	1.8	-42	32	8	10.7	3.84	TRGB
dw1322-27	13	22	6	-27	34	45	13.8	4.9	mem
[KK2000]55	13	22	12.4	-42	43	51	11.7	3.85	TRGB
dw1322-39	13	22	32	-39	54	20	15.4	2.95	TRGB
KK198	13	22	56.1	-33	34	22	13.3	49.45	h
PGC725719	13	22	56.8	-29	44	19	13.2	4.41	NAM
CenA-MM-Dw4	13	23	2.6	-41	47	10	14.0	4.09	TRGB
KV19-212	13	23	9.8	-43	52	28	13.6	3.68	mem
AM1320-230	13	23	29.9	-23	23	35	13.1	4.9	mem
dw1323-40b	13	23	55	-40	50	9	14.0	3.91	TRGB
CenA-MM-Dw10	13	24	32.9	-44	44	7	16.4	3.27	TRGB
KK200	13	24	36	-30	58	20	13.4	4.76	TRGB
dw1323-40	13	24	53	-40	45	41	13.6	3.73	TRGB
KV19-271	13	25	11.1	-43	30	33	13.4	3.68	mem
NGC5128	13	25	28.9	-43	1	0	3.9	3.68	TRGB
dw1325-33	13	25	41	-33	0	25	14.8	4.9	mem
UCD320	13	25	52.7	-42	54	13	13.3	3.7	mem
UCD330	13	25	54.3	-41	0	35	12.6	3.7	mem
CenA-MM-Dw6	13	25	57.6	-41	5	39	15.5	4	4TRGB
dw1326-29	13	26	4	-29	24	16	14.6	4.9	mem
dw1326-37	13	26	22	-37	23	8	14.9	3.6	mem
CenA-MM-Dw7	13	26	28.7	-43	33	24	15.7	4.1	1TRGB
KV19-329	13	26	41.3	-42	42	14	13.6	3.68	mem
dw1326-35	13	26	44	-35	5	0	16.4	4.9	mem
IC4247	13	26	44.4	-30	21	45	11.3	5.18	TRGB
dw1327+51	13	27	1	51	41	8	15.4	8.4	mem
KK203	13	27	28.1	-45	21	9	14.9	3.77	TRGB
ESO324-024	13	27	37.4	-41	28	50	10.4	3.78	TRGB
PGC2229803	13	27	53.1	43	48	55	13.8	6.58	NAM
CVnI	13	28	3.5	33	33	21	9.8	0.22	TRGB
dw1328-29	13	28	12	-29	28	45	14.9	4.9	mem
dw1328+4703	13	28	24.7	47	3	54	16.6	8.35	SBF
LVJ1328+4937	13	28	31.2	49	37	38	14.9	7.73	TRGB
dw1329-45	13	29	10	-45	10	31	14.3	2.9	TRGB
PGC170257	13	29	21	-21	10	45	12.6	4.9	mem
NGC5204	13	29	36.4	58	25	4	9.5	4.59	TRGB
KV19-442	13	29	43.8	-42	23	29	13.4	3.68	mem
NGC5194	13	29	52.7	47	14	4	5.5	8.4	SN
CenA-MM-Dw2	13	29	57.3	-41	52	23	16.0	4.15	TRGB
dw1329-32	13	29	58	-32	29	46	14.9	4.9	mem
NGC5195	13	29	58.7	47	16	5	6.3	7.66	SBF
dw1330-34	13	30	2	-34	0	14	14.8	4.9	mem
dw1330-33	13	30	4	-33	50	6	16.3	4.9	mem
CenA-MM-Dw1	13	30	14.3	-41	53	36	11.8	3.91	TRGB
CenA-MM-Dw3	13	30	21.5	-42	11	33	11.9	3.8	7TRGB
dw1330+4731	13	30	38.8	47	31	34	16.7	11.49	SBF
dw1330-38	13	30	41	-38	10	3	15.7	3.6	mem
UGC08508	13	30	44.4	54	54	36	11.6	2.67	TRGB
dw1330-32	13	30	54	-32	18	21	16.6	4.9	mem
dw1331-40	13	31	26	-40	15	47	16.6	3.6	mem
AGC238890	13	32	30.3	25	7	25	14.2	5.35	TRGB
UGCA361	13	32	36.2	49	49	49	12.6	8.4	mem
CenA-MM-Dw9	13	33	1.5	-42	31	48	13.9	3.8	0TRGB
[KK98]206	13	33	22.8	49	6	7	12.5	9.31	TF
KK207	13	33	25.7	56	30	0	16.4	6.95	mem
CenA-MM-Dw8	13	33	34.1	-41	36	28	13.4	3.4	7TRGB
NGC5206	13	33	43.9	-48	9	4	8.5	3.21	TRGB
NGC5229	13	34	2.9	47	54	55	11.7	8.95	TRGB
NGC5238	13	34	42.7	51	36	50	11.5	4.51	TRGB
ESO270-017	13	34	47.3	-45	32	51	8.2	6.95	TRGB
dw1335-29	13	35	46	-29	42	24	14.8	5.01	TRGB
UGCA365	13	36	30.8	-29	14	11	12.6	5.42	TRGB
dw1336-32	13	36	33	-32	18	5	13.8	4.9	mem
KK208	13	36	35.5	-29	34	15	11.3	5.01	TRGB
dw1336-44	13	36	44	-44	26	50	16.4	3.5	TRGB
MCG+08-25-028	13	36	44.8	44	35	57	13.5	8.47	TRGB
NGC5236	13	37	0.1	-29	52	4	4.6	4.9	TRGB
HIDEEPJ1337-33	13	37	0.6	-33	21	47	14.8	4.55	TRGB
dw1337-33	13	37	2	-33	31	25	15.5	4.9	mem
dw1337-26	13	37	13	-26	48	10	14.1	4.9	mem
ESO444-084	13	37	20.2	-28	2	46	12.6	4.61	TRGB
HIPASSJ1337-39	13	37	25.1	-39	53	52	13.8	5.08	TRGB
NGC5237	13	37	38.9	-42	50	51	9.9	3.33	TRGB
dw1337-41	13	37	55	-41	54	11	14.9	3.6	mem
dw1338+50	13	38	49	50	1	10	15.2	8.4	mem
UGC08638	13	39	19.4	24	46	33	11.5	4.29	TRGB
UGC08647	13	39	48	31	17	25	13.6	8.6	TF
DDO181	13	39	53.8	40	44	21	11.9	3.1	TRGB
NGC5253	13	39	55.8	-31	38	24	8.3	3.44	TRGB
IC4316	13	40	18.1	-28	53	40	11	4.35	TRGB
dw1340-30	13	40	19	-30	21	35	15.4	5.06	TRGB
dw1340+45	13	40	37	45	41	54	16.1	8.4	mem
dw1341-33	13	41	13	-33	49	30	14.1	4.9	mem
NGC5264	13	41	37	-29	54	50	9.5	4.79	TRGB
dw1341-43	13	41	37	-43	51	17	13.1	3.53	TRGB
[KK2000]57	13	41	38.1	-42	34	55	13.0	3.84	TRGB
Dw1341+4204	13	41	58.8	42	4	6	17.7	8.4	mem
KK211	13	42	5.6	-45	12	18	11.8	3.68	TRGB
LVJ1342+4840	13	42	20.1	48	40	57	13.9	8.4	mem
DDO182	13	42	32.6	39	39	30	13.3	8.9	TF
dw1342-43	13	42	44	-43	15	19	14.1	2.9	TRGB
dw1343+58	13	43	7	58	13	40	13.4	5.59	TRGB
KK213	13	43	35.8	-43	46	9	12.4	3.77	TRGB
dw1343-34	13	43	49	-34	56	7	16.0	4.9	mem
ESO325-011	13	45	0.8	-41	51	32	11.3	3.4	TRGB
[KK2000]58	13	46	0.8	-36	19	44	12.6	3.75	TRGB
KK217	13	46	17.2	-45	41	5	13.0	3.5	TRGB
KK218	13	46	39.5	-29	58	45	14.0	4.94	TRGB
[KK2000]59	13	47	57.7	-53	21	4	11.5	3.6	TF
Dw1348+6004	13	48	5.7	60	4	1	17.5	6.95	mem
CenN	13	48	9.2	-47	33	54	12.8	3.66	TRGB
HIPASSJ1348-37	13	48	33.9	-37	58	3	14.9	5.65	TRGB
KK221	13	48	46.4	-46	59	49	14.4	3.82	TRGB
ESO383-087	13	49	18.8	-36	3	41	8.2	3.19	TRGB
DDO183	13	50	51.1	38	1	16	12.0	3.31	TRGB
dw1350+5441	13	50	58.3	54	41	20	13.4	6.27	SBF
HIPASSJ1351-47	13	51	22	-47	0	0	14.6	5.73	TRGB
Dw1351+5014	13	51	59	50	14	53	18.1	6.95	mem
HIZOAJ1353-58	13	53	21.9	-58	3	17		2.1	BTF
KDG229	13	53	41.6	60	3	4	12.4	15	TRGB
KKH86	13	54	33.6	4	14	35	14.1	2.61	TRGB
HolmIV	13	54	45.1	53	54	17	11	7.24	TRGB
UGC08833	13	54	48.7	35	50	15	12.3	3.25	TRGB
GBT1355+5439	13	54	50.6	54	38	50		6.95	mem
dw1355+51	13	55	11	51	54	29	14.8	6.95	mem
M101Dw9	13	55	44.6	55	8	45	17.1	7.73	TRGB
KK227	13	56	10.1	40	18	12	13.4	9.04	mem
dw1357-28	13	57	0	-28	55	15	15.5	4.9	mem
ESO384-016	13	57	1.6	-35	20	2	12	4.49	TRGB
BootesIII	13	57	12	26	48	0	8.4	0.05	HB
UGC08882	13	57	14.6	54	6	3	13.7	6.95	SBF
Dw1358+5255	13	58	7.4	52	55	5	16.2	6.95	mem
BootesII	13	58	8	12	50	54	12.1	0.04	CMD
BootesI	14	0	5	14	30	15	9.5	0.07	HB
NGC5398	14	1	22.2	-33	3	52	10.3	12.42	TRGB
dw1401-32	14	1	25	-32	37	46	14.6	4.9	mem
M101Dw10	14	1	40.4	55	0	57	18.3	27.9	mem
M101-df3	14	3	5.7	53	36	56	14.2	6.52	TRGB
MESSIER101	14	3	12.8	54	21	2	5.5	6.95	TRGB
dw1403-33	14	3	18	-33	24	14	14.9	4.9	mem
NGC5408	14	3	21.5	-41	22	35	10.5	5.32	TRGB
M101-df1	14	3	45	53	56	40	16.9	6.37	TRGB
M101dwD	14	4	24.6	53	16	19	15.1	27.9	mem
M101-df5	14	4	28.1	55	37	0	14.2	27	mem
PGC2448110	14	4	57.8	53	41	29	14.9	6.98	mem
NGC5474	14	5	2.1	53	39	47	9.5	6.98	TRGB
M101dwC	14	5	18	54	53	56	16.1	27.9	mem
NGC5477	14	5	33.1	54	27	39	11.8	6.76	TRGB
M101-df7	14	5	48.3	55	7	58	16.8	27	mem
dw1406-29	14	6	41	-29	8	10	14.6	4.9	mem
M101-dwA	14	6	50.2	53	44	32	15.7	6.65	TRGB
KK230	14	7	10.7	35	3	37	14.6	2.21	TRGB
M101Dw7	14	7	21	55	3	51	17.1	6.95	mem
M101-df4	14	7	33.4	54	42	36	16.8	27	mem
M101-df6	14	8	19	55	11	24	18.1	27	mem
M101-df2	14	8	37.5	54	19	31	15.6	6.87	TRGB
dw1408+56	14	8	41	56	55	38	15.8	27.9	mem
M101dwB	14	8	43.1	55	9	57	17.7	27.9	mem
dw1409-33	14	9	3	-33	49	40	14.6	4.9	mem
Dw1409+5113	14	9	13	51	13	30	16.6	6.95	mem
M101Dw11	14	10	4.8	54	15	29	16.8	27.9	mem
dw1410-34	14	10	47	-34	52	7	15.4	4.9	mem
M101Dw14	14	11	3.2	53	56	50	17.0	27.9	mem
dw1412+56	14	12	11	56	8	31	15.5	6.95	mem
dw1413-34	14	13	8	-34	23	33	16.1	4.9	mem
CIRCINUS	14	13	9.3	-65	20	21	5.3	4.2	TF
KKH87	14	15	9.4	57	5	15	13.7	8.87	TRGB
dw1415-32	14	15	41	-32	34	21	16.5	4.9	mem
DDO187	14	15	56.5	23	3	19	12.5	2.3	TRGB
dw1416+57	14	16	59	57	54	39	15.1	6.95	mem
KKR08	14	19	14.8	3	7	26	13.2	15	TRGB
NGC5585	14	19	48.3	56	43	49	9.5	7	TRGB
DDO190	14	24	43.5	44	31	33	10.7	2.83	TRGB
PGC051659	14	28	3.7	-46	18	6	12.3	3.61	TRGB
CentaurusA-dE5	14	30	5	-33	28	45	15.8	9	txt
ESO222-010	14	35	3	-49	25	18	11.9	3.15	TRGB
DDO194	14	35	24.6	57	15	24	11.9	5.81	TRGB
MRK0475	14	39	5.4	36	48	22	13.1	11.53	TRGB
HIPASSJ1441-62	14	41	42.7	-62	46	2	12.9	5.32	NAM
ESO272-025	14	43	25.5	-44	42	19	12.3	3.91	TRGB
KKR11	14	44	44.2	55	35	17	14.5	10	BTF
dw1446+58	14	46	0	58	34	4	16.3	6.95	mem
UGC09540	14	48	52	34	42	43	14.3	9.3	BTF
ESO273-014	14	58	30.3	-47	41	55	9.8	9.9	TF
ESO223-009	15	1	8.5	-48	17	33	9.4	6.31	TRGB
UGC09660	15	1	9.3	44	41	53	11.7	10.76	TRGB
UMin	15	9	11.3	67	12	52	7.7	0.06	TRGB
ESO274-001	15	14	13.5	-46	48	45	8.4	2.79	TRGB
KKR18	15	17	54.5	16	18	44	13.6	9.2	TF
HIPASSJ1526-51	15	26	22.9	-51	10	31		6.28	TF
HIZOAJ1528-52	15	28	33.8	-52	13	56		8.2	BTF
UGC09893	15	32	57.1	46	27	9	12.7	10.2	TF
BootesIV	15	34	45.4	43	43	34	13.6	0.21	HB
UGC09992	15	41	47.8	67	15	15	12.9	11.27	TRGB
PGC057323	16	9	36.8	-4	37	16	11.9	10.7	TF
KKR25	16	13	47.6	54	22	16	12.9	1.91	TRGB
HIZOAJ1616-55	16	17	23.5	-55	43	57	15.5	9.88	BTF
ESO137-018	16	20	59.3	-60	29	15	8.4	5.86	TRGB
Hercules	16	31	3.6	12	47	24	10.7	0.15	HB
KDG235	17	0	25.3	70	17	24	14.3	10.6	TF
Draco	17	20	1.4	57	54	34	6.7	0.08	TRGB
MilkyWay	17	45	40	-29	0	28		0.01	geom
IC4662	17	47	6.3	-64	38	25	8.5	2.55	TRGB
NGC6503	17	49	27.6	70	8	41	7.3	6.25	TRGB
KK242	17	52	48.4	70	8	14	16.2	6.46	TRGB
IC4710	18	28	38	-66	58	56	9.6	7.38	TRGB
NGC6684	18	48	57.9	-65	10	24	7	10.23	TRGB
SagdSph	18	55	3.1	-30	28	42	-0.2	0.02	TRGB
ESO104-022	18	55	41.2	-64	48	39	13.0	8.95	TRGB
NGC6744dwTBGa	19	5	56	-63	16	19	14.5	7.61	SBF
[KK2000]70	19	6	58.9	-63	57	57	14.4	7.31	SBF
dw1907-6342	19	7	22.6	-63	42	22	14.0	7.99	SBF
UGC11411	19	8	42.3	70	17	2	12.8	6.58	TRGB
[KK2000]71	19	8	44	-63	43	53	12.4	5.33	SBF
NGC6744	19	9	45.9	-63	51	28	5.9	9.51	TRGB
BedinI	19	10	45.8	-59	55	2	16.6	8.71	TRGB
ESO104-044	19	11	23.1	-64	13	9	12.5	9.73	TRGB
[KK2000]72	19	12	22.9	-63	51	22	15.4	9.5	mem
NGC6744dwTBGb	19	12	46.8	-63	39	49	18.5	9.5	mem
AM1909-615	19	13	53.5	-61	54	49	13.3	9.51	mem
HIZOAJ1914+10	19	15	2.5	10	19	43		46.9	0BTF
NGC6789	19	16	41.8	63	58	22	11.2	3.55	TRGB
SagdIr	19	29	59	-17	40	41	12.1	1.08	TRGB
IC4870	19	37	37.6	-65	48	43	12.1	8.51	TRGB
NGC6822	19	44	57.7	-14	48	11	6	0.52	TRGB
LVJ1952+1428	19	52	11.8	14	28	24	13.5	8.39	TRGB
SgrII	19	52	39.5	-21	56	6	10.6	0.07	HB
Pavo	19	55	0	-61	4	20	14.5	1.99	TRGB
KK246	20	3	57.4	-31	40	54	13.3	6.85	TRGB
IC4951	20	9	31.8	-61	51	2	11.0	9.19	TRGB
UGC11583	20	30	15.3	60	26	25	12.3	7.15	TRGB
KK251	20	30	32	60	21	13	13.0	7.73	mem
KK252	20	31	32.6	60	48	48	12.6	7.73	mem
NGC6946	20	34	51.1	60	9	15	5.4	7.73	TRGB
KKR55	20	45	20.8	60	24	40	12.0	7.73	mem
DDO210	20	46	51.8	-12	50	53	11.3	0.98	TRGB
KKR56	20	48	24.1	58	37	6	12.4	7.73	mem
Cepheus1	20	51	9.7	56	53	24	9.1	7.73	mem
IC5052	20	52	6.2	-69	12	14	8.9	5.5	TRGB
KKR59	21	3	24.2	57	17	14	9.6	7.73	mem
KKR60	21	5	53	57	12	19	11.5	7.73	mem
Kim2	21	8	49.1	-51	9	56	13.0	0.1	HB
EZOAJ2120+45	21	20	46.2	45	16	22	10	7.73	NAM
Segue3	21	21	31	19	7	2	11.4	0.02	CMD
NGC7090	21	36	28.6	-54	33	26	8.2	9.51	TRGB
IC5152	22	2	41.9	-51	17	43	8	1.96	TRGB
Dw2215-4528	22	15	25.4	-45	28	37	15.0	10.4	mem
Dw2216-4539	22	16	7.4	-45	39	11	13.3	10.4	mem
Dw2217-4633	22	17	32.4	-46	33	50	14.3	10.4	mem
6dFJ2218489-461303	22	18	48.7	-46	13	0	13.7	610.4	0mem
IC5201	22	20	57.4	-46	2	3	8	10.76	TRGB
Dw2221-4608	22	21	3.4	-46	8	2	17.7	10.4	mem
ESO289-020	22	21	11.5	-45	40	34	13.2	10.4	mem
Dw2221-4607	22	21	43.2	-46	7	1	18.0	10.4	mem
ESO238-005	22	22	30.1	-48	24	18	12.3	8.02	TRGB
AM2220-460	22	23	43	-45	52	56	14.0	8.8	mem
PegasusIII	22	24	22.6	5	25	12	14.1	0.21	CMD
Dw2227-4623	22	27	6.7	-46	23	10	14.4	10.4	mem
AndXXVIII	22	32	41.2	31	12	58	12.3	0.65	TRGB
Aquarius2	22	33	55.5	-9	19	39	12.4	0.11	TRGB
DDO215	22	39	8.8	-4	45	37	12.4	8.6	TF
KK258	22	40	43.9	-30	47	59	12.1	2.24	TRGB
Tucana	22	41	49	-64	25	12	11.5	0.92	TRGB
TucanaB	22	47	0.5	-58	24	27	15.3	1.41	TRGB
Tucana2	22	51	55.1	-58	34	8	11.5	0.06	HB
Grus1	22	56	42.4	-50	9	48	13.6	0.12	HB
LacI	22	58	16.3	41	17	28	9.4	0.76	TRGB
PiscesII	22	58	31	5	57	9	12.8	0.18	HB
AGC322463	22	59	35.3	16	46	11	14.8	7.97	TRGB
NGC7462	23	2	47.2	-40	50	6	9.7	10.1	TF
ApplesI	23	15	3.3	-42	32	22	17.3	8.32	spectroscopic
PegasusV	23	18	27.8	33	21	32	14.6	0.69	HB
NGC7640	23	22	6.6	40	50	44	8.6	8.43	TRGB
UGC12588	23	24	42.4	41	20	53	10.9	11.07	TRGB
UGCA438	23	26	27.5	-32	23	26	11	2.22	TRGB
CasdSph	23	26	31.8	50	40	32	8.8	0.82	TRGB
ESO347-017	23	26	56.1	-37	20	49	11.8	8.42	TRGB
Pegasus	23	28	34.1	14	44	48	9.9	0.97	TRGB
DDO217	23	29	58.7	40	59	25	9.6	9.02	TRGB
IC5332	23	34	27.5	-36	6	6	8.7	9.01	TRGB
LVJ2335-3713	23	35	4.1	-37	13	14	14.2	7.59	TRGB
NGC7713	23	36	15	-37	56	20	9.2	8.05	TRGB
UGC12713	23	38	14.5	30	42	33	11.5	12.2	TF
Phoenix2	23	39	59.4	-54	24	22	13.4	0.08	HB
PGC680341	23	41	47.5	-33	8	41	14.3	6.08	NAM
UGCA442	23	43	46	-31	57	33	11.4	4.37	TRGB
KKH98	23	45	34	38	43	4	13.8	2.58	TRGB
ESO348-009	23	49	23.4	-37	46	25	12.4	11.5	TF
PegdSph	23	51	47.3	24	34	53	9.8	0.82	RR
ESO149-003	23	52	2.8	-52	34	39	12.6	7.01	TRGB
AndXXI	23	54	47.7	42	28	15	12.1	0.86	TRGB
TucanaIII	23	56	36	-59	36	0	11.2	0.03	HB
PAndAS-01	23	57	12	43	33	8	13.4	0.78	mem
NGC7793	23	57	49.4	-32	35	24	6.9	3.63	TRGB
PAndAS-02	23	57	55.6	41	46	49	14.2	0.78	mem
PGC704814	23	58	40.7	-31	28	3	14.1	3.66	TRGB
AndXXIX	23	58	55.6	30	45	20	12.7	0.73	TRGB