#Group N Dist log(LB) log(𝐌∗) log(MHI) σ3D Size (M/LB) log(M) (M/LB) 
#Name its [Mpc] [𝐋⨀] [𝐌⨀] [𝐌⨀] [km/s] [kpc] [𝐌/𝐋]⨀ [𝐌⨀ ] [𝐌/𝐋]⨀
1049+09 5 146 5 10.34 0.02 9.56 0.07 10.08 0.04 209 1 80.5 9.49 12.05 51.3
1623+15 4 147 5 10.19 0.03 9.40 0.05 10.29 0.03 188 2 78.4 10.46 11.92 53.8 
1403+41 4 152 5 10.34 0.02 9.51 0.06 10.21 0.01 224 2 43.3 5.74 11.83 30.8
1440+14 3 78 4 9.51 0.03 8.91 0.08 9.56 0.03 37 2 32.2 0.79 10.60 12.3
1718+30 3 65 5 9.69 0.03 9.11 0.08 9.45 0.01 109 1 31.2 4.40 11.59 79.4
0909+06 3 201 5 10.13 0.04 9.65 0.07 9.55 0.06 230 2 32.3 7.45 11.83 50.1  
1349-02 3 101 4 9.46 0.05  8.63 0.09 9.60 0.01 68 2 15.9 1.48 10.66 15.6



     









 
 
 
 
 
 




